experiments/results/2014-all.txt/Users/adrozdov/miniconda3/envs/diora/lib/python3.6/site-packages/sklearn/ensemble/weight_boosting.py:29: DeprecationWarning: numpy.core.umath_tests is an internal NumPy module and should not be imported. It will be removed in a future NumPy release.
  from numpy.core.umath_tests import inner1d
2019-04-21 12:51:27,482 [INFO] start
2019-04-21 12:51:34,821 [INFO] balancing data
2019-04-21 12:51:35,003 [INFO] found 140 eligible classes
2019-04-21 12:51:35,004 [INFO] joining strings
2019-04-21 12:51:35,011 [INFO] tfidf data
2019-04-21 12:51:35,124 [INFO] language-counter=Counter({'python': 1260})
2019-04-21 12:51:35,124 [INFO] X.shape=(1260, 2500) Y.shape=(1260,)
2019-04-21 12:51:35,124 [INFO] n-classes=140
2019-04-21 12:51:35,124 [INFO] fold 0
2019-04-21 12:51:35,143 [INFO] train
2019-04-21 12:51:35,719 [INFO] depths = [59, 59, 66, 53, 56, 56, 43, 66, 75, 70, 61, 70, 52, 53, 50, 46, 56, 61, 47, 61, 65, 53, 59, 53, 45, 54, 55, 61, 55, 49, 74, 61, 44, 56, 62, 44, 41, 55, 56, 59, 65, 54, 79, 53, 42, 48, 73, 66, 57, 53, 74, 52, 46, 55, 45, 50, 67, 59, 57, 45, 49, 72, 60, 48, 67, 48, 52, 49, 67, 53, 81, 65, 56, 59, 59, 72, 39, 53, 74, 58, 60, 69, 42, 43, 60, 60, 68, 42, 54, 85, 72, 55, 54, 52, 56, 66, 46, 58, 44, 60, 47, 57, 73, 66, 58, 39, 63, 63, 54, 42, 51, 85, 68, 68, 47, 43, 75, 57, 53, 49, 50, 51, 54, 55, 61, 67, 73, 47, 53, 61, 54, 56, 63, 56, 55, 45, 52, 64, 59, 56, 59, 53, 49, 61, 58, 50, 49, 47, 70, 57, 85, 58, 54, 50, 68, 50, 61, 60, 52, 52, 55, 52, 60, 63, 49, 67, 62, 53, 67, 65, 57, 50, 52, 61, 60, 48, 40, 48, 46, 57, 49, 56, 64, 56, 65, 70, 38, 70, 57, 67, 57, 55, 50, 55, 68, 73, 65, 67, 66, 67, 56, 47, 68, 46, 61, 63, 50, 52, 54, 51, 63, 67, 58, 58, 38, 61, 61, 71, 53, 66, 64, 72, 40, 63, 75, 66, 49, 55, 41, 51, 62, 44, 54, 70, 68, 64, 40, 45, 52, 55, 48, 70, 62, 60, 51, 46, 46, 56, 40, 52, 54, 73, 55, 58, 61, 43, 49, 54, 46, 69, 56, 52, 62, 67, 55, 56, 53, 56, 56, 63, 54, 60, 58, 52, 51, 44, 65, 46, 61, 46, 58, 59, 77, 66, 59, 49, 48, 55, 62, 51, 67, 74, 59, 69, 56, 68, 48, 52, 64, 47]
2019-04-21 12:51:35,870 [INFO] leaf-node-counts = [59, 59, 66, 53, 56, 56, 43, 66, 75, 70, 61, 70, 52, 53, 50, 46, 56, 61, 47, 61, 65, 53, 59, 53, 45, 54, 55, 61, 55, 49, 74, 61, 44, 56, 62, 44, 41, 55, 56, 59, 65, 54, 79, 53, 42, 48, 73, 66, 57, 53, 74, 52, 46, 55, 45, 50, 67, 59, 57, 45, 49, 72, 60, 48, 67, 48, 52, 49, 67, 53, 81, 65, 56, 59, 59, 72, 39, 53, 74, 58, 60, 69, 42, 43, 60, 60, 68, 42, 54, 85, 72, 55, 54, 52, 56, 66, 46, 58, 44, 60, 47, 57, 73, 66, 58, 39, 63, 63, 54, 42, 51, 85, 68, 68, 47, 43, 75, 57, 53, 49, 50, 51, 54, 55, 61, 67, 73, 47, 53, 61, 54, 56, 63, 56, 55, 45, 52, 64, 59, 56, 59, 53, 49, 61, 58, 50, 49, 47, 70, 57, 85, 58, 54, 50, 68, 50, 61, 60, 52, 52, 55, 52, 60, 63, 49, 67, 62, 53, 67, 65, 57, 50, 52, 61, 60, 48, 40, 48, 46, 57, 49, 56, 64, 56, 65, 70, 38, 70, 57, 67, 57, 55, 50, 55, 68, 73, 65, 67, 66, 67, 56, 47, 68, 46, 61, 63, 50, 52, 54, 51, 63, 67, 58, 58, 38, 61, 61, 71, 53, 66, 64, 72, 40, 63, 75, 66, 49, 55, 41, 51, 62, 44, 54, 70, 68, 64, 40, 45, 52, 55, 48, 70, 62, 60, 51, 46, 46, 56, 40, 52, 54, 73, 55, 58, 61, 43, 49, 54, 46, 69, 56, 52, 62, 67, 55, 56, 53, 56, 56, 63, 54, 60, 58, 52, 51, 44, 65, 46, 61, 46, 58, 59, 77, 66, 59, 49, 48, 55, 62, 51, 67, 74, 59, 69, 56, 68, 48, 52, 64, 47]
2019-04-21 12:51:35,871 [INFO] eval
2019-04-21 12:51:35,976 [INFO] eval-acc=0.936
2019-04-21 12:51:36,086 [INFO] k=1 eval-acc=0.936
2019-04-21 12:51:36,086 [INFO] k=2 eval-acc=0.971
2019-04-21 12:51:36,086 [INFO] k=3 eval-acc=0.986
2019-04-21 12:51:36,087 [INFO] k=4 eval-acc=0.993
2019-04-21 12:51:36,087 [INFO] k=5 eval-acc=1.000
2019-04-21 12:51:36,087 [INFO] k=6 eval-acc=1.000
2019-04-21 12:51:36,087 [INFO] k=7 eval-acc=1.000
2019-04-21 12:51:36,087 [INFO] k=8 eval-acc=1.000
2019-04-21 12:51:36,087 [INFO] k=9 eval-acc=1.000
2019-04-21 12:51:36,087 [INFO] k=10 eval-acc=1.000
2019-04-21 12:51:36,087 [INFO] fold 1
2019-04-21 12:51:36,089 [INFO] train
2019-04-21 12:51:36,691 [INFO] depths = [74, 64, 49, 84, 57, 52, 51, 70, 56, 56, 50, 58, 50, 51, 73, 56, 40, 60, 50, 52, 68, 56, 63, 60, 67, 49, 54, 61, 61, 65, 61, 49, 71, 44, 46, 55, 54, 68, 76, 54, 54, 67, 69, 54, 63, 61, 63, 67, 45, 58, 62, 42, 44, 53, 46, 51, 69, 51, 66, 49, 50, 55, 44, 52, 66, 65, 49, 60, 77, 47, 48, 65, 49, 56, 57, 65, 48, 81, 67, 65, 49, 46, 47, 61, 53, 65, 64, 74, 43, 56, 44, 69, 53, 47, 68, 61, 49, 53, 42, 64, 63, 52, 42, 59, 50, 62, 58, 53, 45, 63, 58, 54, 63, 62, 61, 58, 59, 69, 64, 48, 64, 55, 47, 47, 63, 50, 59, 47, 55, 48, 53, 54, 57, 57, 43, 49, 65, 58, 87, 61, 56, 73, 52, 51, 61, 53, 45, 69, 63, 51, 77, 59, 49, 57, 51, 44, 61, 57, 54, 61, 55, 46, 74, 71, 34, 75, 45, 52, 62, 62, 52, 53, 61, 56, 52, 44, 72, 58, 46, 43, 68, 62, 60, 65, 55, 58, 66, 46, 65, 63, 62, 54, 54, 49, 48, 45, 58, 62, 51, 55, 47, 60, 66, 41, 75, 66, 56, 65, 64, 68, 58, 64, 44, 57, 72, 61, 75, 58, 61, 71, 51, 69, 52, 38, 66, 52, 41, 60, 55, 48, 56, 81, 52, 60, 66, 68, 55, 48, 64, 61, 47, 45, 60, 56, 47, 42, 40, 56, 56, 58, 54, 60, 58, 60, 64, 53, 51, 63, 50, 61, 62, 66, 49, 87, 57, 59, 60, 53, 56, 51, 51, 55, 41, 54, 65, 54, 46, 47, 52, 70, 43, 65, 64, 63, 54, 65, 48, 66, 92, 41, 55, 73, 45, 45, 62, 49, 54, 59, 58, 55]
2019-04-21 12:51:36,847 [INFO] leaf-node-counts = [74, 64, 49, 84, 57, 52, 51, 70, 56, 56, 50, 58, 50, 51, 73, 56, 40, 60, 50, 52, 68, 56, 63, 60, 67, 49, 54, 61, 61, 65, 61, 49, 71, 44, 46, 55, 54, 68, 76, 54, 54, 67, 69, 54, 63, 61, 63, 67, 45, 58, 62, 42, 44, 53, 46, 51, 69, 51, 66, 49, 50, 55, 44, 52, 66, 65, 49, 60, 77, 47, 48, 65, 49, 56, 57, 65, 48, 81, 67, 65, 49, 46, 47, 61, 53, 65, 64, 74, 43, 56, 44, 69, 53, 47, 68, 61, 49, 53, 42, 64, 63, 52, 42, 59, 50, 62, 58, 53, 45, 63, 58, 54, 63, 62, 61, 58, 59, 69, 64, 48, 64, 55, 47, 47, 63, 50, 59, 47, 55, 48, 53, 54, 57, 57, 43, 49, 65, 58, 87, 61, 56, 73, 52, 51, 61, 53, 45, 69, 63, 51, 77, 59, 49, 57, 51, 44, 61, 57, 54, 61, 55, 46, 74, 71, 34, 75, 45, 52, 62, 62, 52, 53, 61, 56, 52, 44, 72, 58, 46, 43, 68, 62, 60, 65, 55, 58, 66, 46, 65, 63, 62, 54, 54, 49, 48, 45, 58, 62, 51, 55, 47, 60, 66, 41, 75, 66, 56, 65, 64, 68, 58, 64, 44, 57, 72, 61, 75, 58, 61, 71, 51, 69, 52, 38, 66, 52, 41, 60, 55, 48, 56, 81, 52, 60, 66, 68, 55, 48, 64, 61, 47, 45, 60, 56, 47, 42, 40, 56, 56, 58, 54, 60, 58, 60, 64, 53, 51, 63, 50, 61, 62, 66, 49, 87, 57, 59, 60, 53, 56, 51, 51, 55, 41, 54, 65, 54, 46, 47, 52, 70, 43, 65, 64, 63, 54, 65, 48, 66, 92, 41, 55, 73, 45, 45, 62, 49, 54, 59, 58, 55]
2019-04-21 12:51:36,847 [INFO] eval
2019-04-21 12:51:36,954 [INFO] eval-acc=0.979
2019-04-21 12:51:37,063 [INFO] k=1 eval-acc=0.979
2019-04-21 12:51:37,063 [INFO] k=2 eval-acc=0.993
2019-04-21 12:51:37,063 [INFO] k=3 eval-acc=0.993
2019-04-21 12:51:37,063 [INFO] k=4 eval-acc=0.993
2019-04-21 12:51:37,063 [INFO] k=5 eval-acc=0.993
2019-04-21 12:51:37,063 [INFO] k=6 eval-acc=1.000
2019-04-21 12:51:37,063 [INFO] k=7 eval-acc=1.000
2019-04-21 12:51:37,063 [INFO] k=8 eval-acc=1.000
2019-04-21 12:51:37,063 [INFO] k=9 eval-acc=1.000
2019-04-21 12:51:37,063 [INFO] k=10 eval-acc=1.000
2019-04-21 12:51:37,064 [INFO] fold 2
2019-04-21 12:51:37,065 [INFO] train
2019-04-21 12:51:37,668 [INFO] depths = [62, 56, 55, 51, 64, 61, 66, 58, 38, 63, 62, 66, 52, 63, 56, 56, 61, 56, 56, 51, 64, 57, 50, 69, 40, 62, 60, 74, 67, 54, 53, 69, 59, 59, 54, 60, 46, 68, 61, 50, 50, 48, 65, 54, 57, 52, 60, 60, 66, 52, 44, 52, 61, 56, 46, 53, 78, 54, 65, 44, 49, 69, 70, 66, 53, 56, 48, 53, 63, 67, 63, 43, 54, 71, 50, 60, 58, 42, 59, 57, 61, 49, 47, 59, 47, 70, 48, 65, 49, 66, 58, 56, 55, 80, 48, 53, 56, 63, 52, 66, 70, 60, 56, 45, 48, 49, 67, 55, 56, 52, 55, 43, 47, 57, 50, 40, 53, 52, 57, 47, 50, 62, 53, 53, 57, 69, 64, 55, 66, 57, 58, 47, 63, 62, 55, 55, 62, 57, 69, 49, 48, 73, 47, 62, 50, 71, 43, 40, 57, 40, 66, 49, 58, 46, 80, 62, 51, 53, 59, 72, 73, 35, 64, 79, 65, 71, 67, 63, 58, 61, 50, 45, 57, 59, 49, 101, 57, 46, 48, 49, 61, 58, 63, 55, 52, 57, 60, 49, 64, 59, 69, 70, 53, 34, 63, 57, 51, 66, 58, 46, 81, 49, 66, 41, 60, 62, 62, 67, 51, 62, 56, 64, 55, 46, 64, 65, 61, 80, 52, 65, 45, 74, 48, 54, 65, 53, 53, 61, 51, 42, 52, 62, 63, 51, 77, 64, 49, 44, 53, 62, 59, 67, 58, 51, 53, 54, 64, 70, 51, 53, 48, 51, 57, 50, 63, 61, 53, 62, 49, 66, 55, 65, 44, 59, 53, 55, 58, 64, 53, 65, 51, 45, 71, 53, 70, 70, 53, 70, 51, 47, 82, 64, 66, 55, 55, 42, 57, 57, 55, 68, 60, 65, 52, 44, 68, 49, 62, 50, 55, 57]
2019-04-21 12:51:37,824 [INFO] leaf-node-counts = [62, 56, 55, 51, 64, 61, 66, 58, 38, 63, 62, 66, 52, 63, 56, 56, 61, 56, 56, 51, 64, 57, 50, 69, 40, 62, 60, 74, 67, 54, 53, 69, 59, 59, 54, 60, 46, 68, 61, 50, 50, 48, 65, 54, 57, 52, 60, 60, 66, 52, 44, 52, 61, 56, 46, 53, 78, 54, 65, 44, 49, 69, 70, 66, 53, 56, 48, 53, 63, 67, 63, 43, 54, 71, 50, 60, 58, 42, 59, 57, 61, 49, 47, 59, 47, 70, 48, 65, 49, 66, 58, 56, 55, 80, 48, 53, 56, 63, 52, 66, 70, 60, 56, 45, 48, 49, 67, 55, 56, 52, 55, 43, 47, 57, 50, 40, 53, 52, 57, 47, 50, 62, 53, 53, 57, 69, 64, 55, 66, 57, 58, 47, 63, 62, 55, 55, 62, 57, 69, 49, 48, 73, 47, 62, 50, 71, 43, 40, 57, 40, 66, 49, 58, 46, 80, 62, 51, 53, 59, 72, 73, 35, 64, 79, 65, 71, 67, 63, 58, 61, 50, 45, 57, 59, 49, 101, 57, 46, 48, 49, 61, 58, 63, 55, 52, 57, 60, 49, 64, 59, 69, 70, 53, 34, 63, 57, 51, 66, 58, 46, 81, 49, 66, 41, 60, 62, 62, 67, 51, 62, 56, 64, 55, 46, 64, 65, 61, 80, 52, 65, 45, 74, 48, 54, 65, 53, 53, 61, 51, 42, 52, 62, 63, 51, 77, 64, 49, 44, 53, 62, 59, 67, 58, 51, 53, 54, 64, 70, 51, 53, 48, 51, 57, 50, 63, 61, 53, 62, 49, 66, 55, 65, 44, 59, 53, 55, 58, 64, 53, 65, 51, 45, 71, 53, 70, 70, 53, 70, 51, 47, 82, 64, 66, 55, 55, 42, 57, 57, 55, 68, 60, 65, 52, 44, 68, 49, 62, 50, 55, 57]
2019-04-21 12:51:37,824 [INFO] eval
2019-04-21 12:51:37,927 [INFO] eval-acc=0.929
2019-04-21 12:51:38,035 [INFO] k=1 eval-acc=0.929
2019-04-21 12:51:38,035 [INFO] k=2 eval-acc=0.964
2019-04-21 12:51:38,036 [INFO] k=3 eval-acc=0.979
2019-04-21 12:51:38,036 [INFO] k=4 eval-acc=0.979
2019-04-21 12:51:38,036 [INFO] k=5 eval-acc=0.979
2019-04-21 12:51:38,036 [INFO] k=6 eval-acc=0.979
2019-04-21 12:51:38,036 [INFO] k=7 eval-acc=0.979
2019-04-21 12:51:38,036 [INFO] k=8 eval-acc=0.979
2019-04-21 12:51:38,036 [INFO] k=9 eval-acc=0.979
2019-04-21 12:51:38,036 [INFO] k=10 eval-acc=0.979
2019-04-21 12:51:38,036 [INFO] fold 3
2019-04-21 12:51:38,037 [INFO] train
2019-04-21 12:51:38,630 [INFO] depths = [65, 40, 70, 45, 37, 63, 47, 51, 40, 50, 58, 53, 64, 46, 52, 51, 47, 49, 55, 66, 57, 58, 52, 77, 44, 72, 67, 64, 60, 64, 69, 74, 56, 69, 60, 46, 43, 64, 63, 69, 74, 61, 64, 44, 50, 53, 43, 67, 62, 60, 48, 59, 70, 66, 59, 50, 71, 47, 47, 38, 64, 60, 43, 51, 56, 55, 68, 63, 55, 55, 77, 58, 62, 71, 57, 65, 61, 49, 62, 55, 71, 63, 67, 80, 75, 58, 79, 53, 52, 59, 51, 65, 70, 61, 47, 64, 47, 61, 46, 79, 63, 60, 46, 48, 42, 43, 63, 55, 45, 47, 49, 60, 54, 65, 62, 53, 88, 57, 67, 46, 54, 55, 59, 55, 65, 44, 56, 57, 48, 52, 41, 65, 63, 56, 49, 50, 68, 51, 77, 72, 77, 61, 48, 69, 60, 58, 40, 61, 49, 52, 51, 64, 53, 54, 43, 56, 62, 67, 59, 65, 64, 70, 69, 53, 52, 61, 68, 53, 58, 60, 54, 68, 63, 59, 48, 63, 44, 57, 50, 63, 54, 50, 51, 76, 52, 52, 66, 53, 44, 62, 55, 46, 66, 55, 67, 67, 64, 48, 46, 50, 61, 61, 52, 53, 59, 44, 59, 60, 79, 58, 62, 54, 42, 56, 46, 71, 66, 69, 52, 59, 55, 56, 48, 70, 51, 47, 47, 60, 47, 65, 63, 47, 38, 41, 67, 53, 63, 75, 51, 58, 40, 50, 57, 47, 52, 62, 48, 61, 59, 41, 64, 59, 46, 54, 57, 45, 53, 50, 49, 56, 55, 45, 46, 48, 64, 55, 68, 59, 59, 59, 59, 57, 69, 59, 52, 52, 38, 55, 52, 64, 62, 45, 74, 54, 76, 57, 37, 49, 70, 59, 55, 59, 43, 47, 64, 64, 46, 53, 54, 45]
2019-04-21 12:51:38,776 [INFO] leaf-node-counts = [65, 40, 70, 45, 37, 63, 47, 51, 40, 50, 58, 53, 64, 46, 52, 51, 47, 49, 55, 66, 57, 58, 52, 77, 44, 72, 67, 64, 60, 64, 69, 74, 56, 69, 60, 46, 43, 64, 63, 69, 74, 61, 64, 44, 50, 53, 43, 67, 62, 60, 48, 59, 70, 66, 59, 50, 71, 47, 47, 38, 64, 60, 43, 51, 56, 55, 68, 63, 55, 55, 77, 58, 62, 71, 57, 65, 61, 49, 62, 55, 71, 63, 67, 80, 75, 58, 79, 53, 52, 59, 51, 65, 70, 61, 47, 64, 47, 61, 46, 79, 63, 60, 46, 48, 42, 43, 63, 55, 45, 47, 49, 60, 54, 65, 62, 53, 88, 57, 67, 46, 54, 55, 59, 55, 65, 44, 56, 57, 48, 52, 41, 65, 63, 56, 49, 50, 68, 51, 77, 72, 77, 61, 48, 69, 60, 58, 40, 61, 49, 52, 51, 64, 53, 54, 43, 56, 62, 67, 59, 65, 64, 70, 69, 53, 52, 61, 68, 53, 58, 60, 54, 68, 63, 59, 48, 63, 44, 57, 50, 63, 54, 50, 51, 76, 52, 52, 66, 53, 44, 62, 55, 46, 66, 55, 67, 67, 64, 48, 46, 50, 61, 61, 52, 53, 59, 44, 59, 60, 79, 58, 62, 54, 42, 56, 46, 71, 66, 69, 52, 59, 55, 56, 48, 70, 51, 47, 47, 60, 47, 65, 63, 47, 38, 41, 67, 53, 63, 75, 51, 58, 40, 50, 57, 47, 52, 62, 48, 61, 59, 41, 64, 59, 46, 54, 57, 45, 53, 50, 49, 56, 55, 45, 46, 48, 64, 55, 68, 59, 59, 59, 59, 57, 69, 59, 52, 52, 38, 55, 52, 64, 62, 45, 74, 54, 76, 57, 37, 49, 70, 59, 55, 59, 43, 47, 64, 64, 46, 53, 54, 45]
2019-04-21 12:51:38,776 [INFO] eval
2019-04-21 12:51:38,882 [INFO] eval-acc=0.971
2019-04-21 12:51:38,988 [INFO] k=1 eval-acc=0.971
2019-04-21 12:51:38,989 [INFO] k=2 eval-acc=0.979
2019-04-21 12:51:38,989 [INFO] k=3 eval-acc=0.993
2019-04-21 12:51:38,989 [INFO] k=4 eval-acc=0.993
2019-04-21 12:51:38,989 [INFO] k=5 eval-acc=0.993
2019-04-21 12:51:38,989 [INFO] k=6 eval-acc=1.000
2019-04-21 12:51:38,989 [INFO] k=7 eval-acc=1.000
2019-04-21 12:51:38,989 [INFO] k=8 eval-acc=1.000
2019-04-21 12:51:38,989 [INFO] k=9 eval-acc=1.000
2019-04-21 12:51:38,989 [INFO] k=10 eval-acc=1.000
2019-04-21 12:51:38,989 [INFO] fold 4
2019-04-21 12:51:38,991 [INFO] train
2019-04-21 12:51:39,607 [INFO] depths = [55, 55, 65, 42, 56, 64, 50, 69, 65, 58, 67, 54, 73, 50, 68, 43, 63, 72, 54, 60, 54, 46, 47, 61, 44, 61, 67, 58, 47, 62, 45, 73, 57, 56, 42, 71, 48, 72, 78, 54, 52, 54, 63, 52, 57, 57, 50, 64, 61, 60, 63, 59, 47, 54, 68, 57, 79, 39, 51, 56, 53, 52, 48, 45, 57, 65, 49, 62, 63, 48, 65, 77, 57, 56, 64, 48, 53, 84, 56, 57, 46, 42, 52, 49, 48, 54, 67, 63, 69, 51, 52, 51, 66, 56, 48, 54, 50, 53, 63, 65, 54, 61, 68, 64, 54, 65, 64, 67, 48, 51, 55, 52, 54, 53, 53, 48, 69, 49, 56, 61, 52, 73, 64, 63, 60, 50, 58, 52, 42, 72, 69, 70, 59, 64, 54, 51, 72, 48, 53, 75, 65, 54, 47, 73, 55, 52, 51, 57, 55, 55, 52, 53, 50, 54, 58, 67, 59, 39, 49, 44, 46, 71, 65, 42, 48, 56, 54, 56, 58, 52, 50, 45, 55, 55, 54, 55, 56, 83, 43, 59, 55, 69, 51, 54, 58, 45, 63, 56, 51, 60, 43, 58, 51, 50, 60, 45, 44, 60, 45, 50, 55, 52, 55, 49, 47, 46, 48, 47, 52, 72, 72, 59, 55, 43, 56, 66, 53, 49, 58, 55, 63, 58, 51, 63, 67, 53, 60, 48, 68, 67, 52, 56, 51, 62, 55, 61, 60, 45, 63, 52, 56, 57, 53, 62, 57, 64, 69, 65, 51, 57, 78, 52, 59, 59, 58, 33, 48, 69, 52, 47, 73, 60, 56, 55, 60, 72, 54, 52, 66, 40, 50, 49, 59, 49, 52, 66, 63, 61, 60, 46, 54, 65, 56, 56, 62, 46, 60, 42, 63, 62, 43, 60, 47, 54, 61, 47, 63, 55, 74, 53]
2019-04-21 12:51:39,767 [INFO] leaf-node-counts = [55, 55, 65, 42, 56, 64, 50, 69, 65, 58, 67, 54, 73, 50, 68, 43, 63, 72, 54, 60, 54, 46, 47, 61, 44, 61, 67, 58, 47, 62, 45, 73, 57, 56, 42, 71, 48, 72, 78, 54, 52, 54, 63, 52, 57, 57, 50, 64, 61, 60, 63, 59, 47, 54, 68, 57, 79, 39, 51, 56, 53, 52, 48, 45, 57, 65, 49, 62, 63, 48, 65, 77, 57, 56, 64, 48, 53, 84, 56, 57, 46, 42, 52, 49, 48, 54, 67, 63, 69, 51, 52, 51, 66, 56, 48, 54, 50, 53, 63, 65, 54, 61, 68, 64, 54, 65, 64, 67, 48, 51, 55, 52, 54, 53, 53, 48, 69, 49, 56, 61, 52, 73, 64, 63, 60, 50, 58, 52, 42, 72, 69, 70, 59, 64, 54, 51, 72, 48, 53, 75, 65, 54, 47, 73, 55, 52, 51, 57, 55, 55, 52, 53, 50, 54, 58, 67, 59, 39, 49, 44, 46, 71, 65, 42, 48, 56, 54, 56, 58, 52, 50, 45, 55, 55, 54, 55, 56, 83, 43, 59, 55, 69, 51, 54, 58, 45, 63, 56, 51, 60, 43, 58, 51, 50, 60, 45, 44, 60, 45, 50, 55, 52, 55, 49, 47, 46, 48, 47, 52, 72, 72, 59, 55, 43, 56, 66, 53, 49, 58, 55, 63, 58, 51, 63, 67, 53, 60, 48, 68, 67, 52, 56, 51, 62, 55, 61, 60, 45, 63, 52, 56, 57, 53, 62, 57, 64, 69, 65, 51, 57, 78, 52, 59, 59, 58, 33, 48, 69, 52, 47, 73, 60, 56, 55, 60, 72, 54, 52, 66, 40, 50, 49, 59, 49, 52, 66, 63, 61, 60, 46, 54, 65, 56, 56, 62, 46, 60, 42, 63, 62, 43, 60, 47, 54, 61, 47, 63, 55, 74, 53]
2019-04-21 12:51:39,767 [INFO] eval
2019-04-21 12:51:39,874 [INFO] eval-acc=0.971
2019-04-21 12:51:39,980 [INFO] k=1 eval-acc=0.971
2019-04-21 12:51:39,980 [INFO] k=2 eval-acc=0.979
2019-04-21 12:51:39,980 [INFO] k=3 eval-acc=0.986
2019-04-21 12:51:39,980 [INFO] k=4 eval-acc=0.986
2019-04-21 12:51:39,980 [INFO] k=5 eval-acc=0.986
2019-04-21 12:51:39,980 [INFO] k=6 eval-acc=0.986
2019-04-21 12:51:39,980 [INFO] k=7 eval-acc=0.986
2019-04-21 12:51:39,980 [INFO] k=8 eval-acc=0.986
2019-04-21 12:51:39,981 [INFO] k=9 eval-acc=0.986
2019-04-21 12:51:39,981 [INFO] k=10 eval-acc=0.986
2019-04-21 12:51:39,981 [INFO] fold 5
2019-04-21 12:51:39,983 [INFO] train
2019-04-21 12:51:40,579 [INFO] depths = [67, 60, 55, 69, 56, 60, 51, 68, 47, 69, 63, 64, 48, 57, 66, 63, 49, 50, 74, 54, 49, 65, 46, 60, 31, 57, 57, 57, 57, 45, 67, 62, 60, 64, 43, 67, 62, 45, 63, 61, 40, 65, 64, 61, 48, 63, 55, 59, 52, 50, 57, 58, 63, 86, 43, 60, 84, 53, 48, 54, 72, 73, 61, 58, 55, 54, 59, 62, 48, 50, 66, 60, 64, 53, 68, 64, 63, 47, 61, 48, 55, 47, 52, 50, 68, 75, 47, 43, 50, 62, 45, 48, 50, 46, 79, 65, 52, 67, 60, 52, 56, 51, 52, 63, 42, 55, 54, 57, 48, 45, 62, 65, 67, 55, 50, 50, 67, 66, 66, 47, 37, 59, 67, 67, 58, 47, 73, 39, 57, 52, 79, 73, 55, 54, 47, 57, 62, 58, 64, 60, 54, 64, 56, 62, 50, 47, 51, 52, 62, 65, 51, 59, 51, 43, 65, 70, 55, 56, 68, 60, 56, 38, 69, 52, 59, 68, 56, 76, 61, 48, 53, 48, 60, 70, 57, 55, 55, 52, 64, 67, 52, 56, 44, 46, 67, 60, 52, 57, 60, 47, 67, 48, 65, 61, 51, 58, 39, 70, 56, 60, 56, 66, 68, 49, 49, 49, 71, 67, 41, 57, 59, 78, 66, 57, 49, 61, 59, 62, 57, 59, 54, 51, 56, 52, 74, 62, 45, 69, 65, 48, 51, 59, 56, 67, 62, 49, 55, 56, 52, 55, 58, 42, 67, 73, 50, 46, 55, 73, 47, 66, 62, 54, 72, 56, 48, 40, 57, 73, 66, 64, 45, 59, 55, 58, 47, 48, 56, 55, 75, 55, 51, 56, 56, 60, 54, 45, 54, 70, 56, 56, 47, 66, 59, 61, 54, 74, 51, 59, 74, 81, 55, 48, 66, 57, 62, 53, 53, 57, 62, 55]
2019-04-21 12:51:40,736 [INFO] leaf-node-counts = [67, 60, 55, 69, 56, 60, 51, 68, 47, 69, 63, 64, 48, 57, 66, 63, 49, 50, 74, 54, 49, 65, 46, 60, 31, 57, 57, 57, 57, 45, 67, 62, 60, 64, 43, 67, 62, 45, 63, 61, 40, 65, 64, 61, 48, 63, 55, 59, 52, 50, 57, 58, 63, 86, 43, 60, 84, 53, 48, 54, 72, 73, 61, 58, 55, 54, 59, 62, 48, 50, 66, 60, 64, 53, 68, 64, 63, 47, 61, 48, 55, 47, 52, 50, 68, 75, 47, 43, 50, 62, 45, 48, 50, 46, 79, 65, 52, 67, 60, 52, 56, 51, 52, 63, 42, 55, 54, 57, 48, 45, 62, 65, 67, 55, 50, 50, 67, 66, 66, 47, 37, 59, 67, 67, 58, 47, 73, 39, 57, 52, 79, 73, 55, 54, 47, 57, 62, 58, 64, 60, 54, 64, 56, 62, 50, 47, 51, 52, 62, 65, 51, 59, 51, 43, 65, 70, 55, 56, 68, 60, 56, 38, 69, 52, 59, 68, 56, 76, 61, 48, 53, 48, 60, 70, 57, 55, 55, 52, 64, 67, 52, 56, 44, 46, 67, 60, 52, 57, 60, 47, 67, 48, 65, 61, 51, 58, 39, 70, 56, 60, 56, 66, 68, 49, 49, 49, 71, 67, 41, 57, 59, 78, 66, 57, 49, 61, 59, 62, 57, 59, 54, 51, 56, 52, 74, 62, 45, 69, 65, 48, 51, 59, 56, 67, 62, 49, 55, 56, 52, 55, 58, 42, 67, 73, 50, 46, 55, 73, 47, 66, 62, 54, 72, 56, 48, 40, 57, 73, 66, 64, 45, 59, 55, 58, 47, 48, 56, 55, 75, 55, 51, 56, 56, 60, 54, 45, 54, 70, 56, 56, 47, 66, 59, 61, 54, 74, 51, 59, 74, 81, 55, 48, 66, 57, 62, 53, 53, 57, 62, 55]
2019-04-21 12:51:40,736 [INFO] eval
2019-04-21 12:51:40,842 [INFO] eval-acc=0.950
2019-04-21 12:51:40,948 [INFO] k=1 eval-acc=0.950
2019-04-21 12:51:40,948 [INFO] k=2 eval-acc=0.979
2019-04-21 12:51:40,948 [INFO] k=3 eval-acc=0.979
2019-04-21 12:51:40,948 [INFO] k=4 eval-acc=0.986
2019-04-21 12:51:40,948 [INFO] k=5 eval-acc=0.993
2019-04-21 12:51:40,948 [INFO] k=6 eval-acc=0.993
2019-04-21 12:51:40,948 [INFO] k=7 eval-acc=0.993
2019-04-21 12:51:40,949 [INFO] k=8 eval-acc=0.993
2019-04-21 12:51:40,949 [INFO] k=9 eval-acc=0.993
2019-04-21 12:51:40,949 [INFO] k=10 eval-acc=0.993
2019-04-21 12:51:40,949 [INFO] fold 6
2019-04-21 12:51:40,951 [INFO] train
2019-04-21 12:51:41,550 [INFO] depths = [61, 44, 73, 47, 58, 52, 58, 59, 68, 59, 50, 62, 42, 67, 57, 52, 60, 60, 54, 68, 47, 52, 43, 51, 59, 62, 89, 84, 58, 58, 63, 55, 66, 64, 44, 78, 42, 65, 47, 75, 57, 52, 62, 56, 52, 45, 63, 51, 52, 59, 42, 51, 65, 53, 81, 51, 76, 60, 56, 46, 60, 63, 67, 66, 49, 58, 59, 61, 47, 60, 49, 52, 57, 63, 52, 56, 58, 76, 59, 46, 49, 71, 40, 59, 48, 73, 52, 46, 64, 50, 54, 56, 52, 69, 61, 55, 46, 63, 63, 60, 58, 46, 38, 53, 36, 53, 69, 55, 49, 51, 54, 64, 59, 59, 57, 50, 43, 61, 53, 65, 49, 54, 64, 62, 61, 49, 52, 67, 43, 75, 55, 63, 51, 48, 71, 43, 64, 68, 56, 56, 49, 43, 47, 47, 48, 54, 55, 55, 57, 66, 66, 48, 45, 51, 54, 53, 53, 56, 51, 76, 52, 39, 47, 56, 48, 67, 58, 59, 46, 71, 57, 44, 55, 66, 49, 63, 46, 57, 66, 70, 36, 60, 61, 60, 50, 51, 54, 49, 61, 44, 61, 58, 59, 48, 69, 60, 45, 57, 43, 48, 48, 63, 70, 54, 57, 43, 39, 66, 53, 61, 44, 59, 55, 69, 44, 51, 60, 49, 64, 76, 46, 48, 52, 68, 60, 63, 52, 44, 61, 54, 48, 59, 72, 58, 54, 55, 44, 81, 69, 35, 49, 70, 77, 59, 52, 49, 60, 56, 57, 49, 69, 67, 71, 67, 41, 61, 50, 64, 70, 55, 63, 48, 51, 54, 67, 51, 64, 49, 55, 50, 63, 44, 68, 56, 47, 69, 76, 65, 72, 43, 62, 44, 60, 74, 53, 59, 43, 52, 68, 58, 68, 58, 41, 68, 62, 76, 50, 39, 75, 59]
2019-04-21 12:51:41,698 [INFO] leaf-node-counts = [61, 44, 73, 47, 58, 52, 58, 59, 68, 59, 50, 62, 42, 67, 57, 52, 60, 60, 54, 68, 47, 52, 43, 51, 59, 62, 89, 84, 58, 58, 63, 55, 66, 64, 44, 78, 42, 65, 47, 75, 57, 52, 62, 56, 52, 45, 63, 51, 52, 59, 42, 51, 65, 53, 81, 51, 76, 60, 56, 46, 60, 63, 67, 66, 49, 58, 59, 61, 47, 60, 49, 52, 57, 63, 52, 56, 58, 76, 59, 46, 49, 71, 40, 59, 48, 73, 52, 46, 64, 50, 54, 56, 52, 69, 61, 55, 46, 63, 63, 60, 58, 46, 38, 53, 36, 53, 69, 55, 49, 51, 54, 64, 59, 59, 57, 50, 43, 61, 53, 65, 49, 54, 64, 62, 61, 49, 52, 67, 43, 75, 55, 63, 51, 48, 71, 43, 64, 68, 56, 56, 49, 43, 47, 47, 48, 54, 55, 55, 57, 66, 66, 48, 45, 51, 54, 53, 53, 56, 51, 76, 52, 39, 47, 56, 48, 67, 58, 59, 46, 71, 57, 44, 55, 66, 49, 63, 46, 57, 66, 70, 36, 60, 61, 60, 50, 51, 54, 49, 61, 44, 61, 58, 59, 48, 69, 60, 45, 57, 43, 48, 48, 63, 70, 54, 57, 43, 39, 66, 53, 61, 44, 59, 55, 69, 44, 51, 60, 49, 64, 76, 46, 48, 52, 68, 60, 63, 52, 44, 61, 54, 48, 59, 72, 58, 54, 55, 44, 81, 69, 35, 49, 70, 77, 59, 52, 49, 60, 56, 57, 49, 69, 67, 71, 67, 41, 61, 50, 64, 70, 55, 63, 48, 51, 54, 67, 51, 64, 49, 55, 50, 63, 44, 68, 56, 47, 69, 76, 65, 72, 43, 62, 44, 60, 74, 53, 59, 43, 52, 68, 58, 68, 58, 41, 68, 62, 76, 50, 39, 75, 59]
2019-04-21 12:51:41,698 [INFO] eval
2019-04-21 12:51:41,805 [INFO] eval-acc=0.986
2019-04-21 12:51:41,914 [INFO] k=1 eval-acc=0.986
2019-04-21 12:51:41,915 [INFO] k=2 eval-acc=0.993
2019-04-21 12:51:41,915 [INFO] k=3 eval-acc=0.993
2019-04-21 12:51:41,915 [INFO] k=4 eval-acc=0.993
2019-04-21 12:51:41,915 [INFO] k=5 eval-acc=0.993
2019-04-21 12:51:41,915 [INFO] k=6 eval-acc=0.993
2019-04-21 12:51:41,915 [INFO] k=7 eval-acc=1.000
2019-04-21 12:51:41,915 [INFO] k=8 eval-acc=1.000
2019-04-21 12:51:41,915 [INFO] k=9 eval-acc=1.000
2019-04-21 12:51:41,915 [INFO] k=10 eval-acc=1.000
2019-04-21 12:51:41,915 [INFO] fold 7
2019-04-21 12:51:41,917 [INFO] train
2019-04-21 12:51:42,518 [INFO] depths = [70, 57, 44, 69, 39, 49, 49, 70, 58, 60, 66, 65, 58, 55, 66, 54, 50, 52, 58, 59, 55, 54, 62, 69, 49, 34, 50, 54, 54, 72, 51, 66, 60, 48, 45, 65, 68, 55, 67, 54, 53, 72, 76, 49, 54, 45, 46, 51, 56, 46, 42, 53, 67, 74, 65, 56, 70, 53, 54, 55, 70, 50, 55, 57, 56, 57, 60, 57, 61, 58, 71, 40, 59, 45, 62, 56, 58, 52, 55, 49, 66, 51, 44, 56, 58, 51, 64, 60, 54, 45, 48, 50, 65, 58, 58, 74, 39, 66, 56, 45, 49, 51, 62, 54, 63, 52, 59, 56, 44, 44, 63, 50, 62, 62, 56, 69, 58, 43, 54, 51, 51, 58, 65, 47, 77, 69, 59, 48, 52, 53, 58, 68, 49, 69, 82, 52, 61, 73, 70, 66, 49, 64, 44, 71, 62, 72, 57, 48, 63, 45, 66, 52, 69, 65, 59, 60, 59, 38, 56, 50, 46, 46, 59, 48, 52, 56, 46, 61, 49, 53, 48, 58, 68, 60, 59, 52, 53, 65, 57, 67, 44, 68, 61, 54, 49, 47, 59, 68, 59, 45, 40, 51, 41, 55, 63, 54, 60, 73, 52, 73, 53, 51, 57, 56, 58, 65, 71, 63, 63, 52, 61, 77, 44, 63, 53, 60, 57, 57, 59, 66, 86, 52, 43, 57, 68, 60, 46, 56, 48, 70, 64, 48, 66, 44, 67, 72, 63, 53, 65, 51, 45, 51, 62, 72, 64, 41, 59, 58, 67, 44, 77, 53, 54, 55, 60, 43, 56, 59, 63, 75, 57, 61, 51, 54, 60, 52, 56, 55, 58, 52, 74, 61, 48, 44, 49, 53, 48, 52, 64, 54, 63, 55, 56, 54, 57, 51, 46, 49, 54, 64, 54, 74, 53, 44, 55, 51, 69, 51, 52, 58]
2019-04-21 12:51:42,674 [INFO] leaf-node-counts = [70, 57, 44, 69, 39, 49, 49, 70, 58, 60, 66, 65, 58, 55, 66, 54, 50, 52, 58, 59, 55, 54, 62, 69, 49, 34, 50, 54, 54, 72, 51, 66, 60, 48, 45, 65, 68, 55, 67, 54, 53, 72, 76, 49, 54, 45, 46, 51, 56, 46, 42, 53, 67, 74, 65, 56, 70, 53, 54, 55, 70, 50, 55, 57, 56, 57, 60, 57, 61, 58, 71, 40, 59, 45, 62, 56, 58, 52, 55, 49, 66, 51, 44, 56, 58, 51, 64, 60, 54, 45, 48, 50, 65, 58, 58, 74, 39, 66, 56, 45, 49, 51, 62, 54, 63, 52, 59, 56, 44, 44, 63, 50, 62, 62, 56, 69, 58, 43, 54, 51, 51, 58, 65, 47, 77, 69, 59, 48, 52, 53, 58, 68, 49, 69, 82, 52, 61, 73, 70, 66, 49, 64, 44, 71, 62, 72, 57, 48, 63, 45, 66, 52, 69, 65, 59, 60, 59, 38, 56, 50, 46, 46, 59, 48, 52, 56, 46, 61, 49, 53, 48, 58, 68, 60, 59, 52, 53, 65, 57, 67, 44, 68, 61, 54, 49, 47, 59, 68, 59, 45, 40, 51, 41, 55, 63, 54, 60, 73, 52, 73, 53, 51, 57, 56, 58, 65, 71, 63, 63, 52, 61, 77, 44, 63, 53, 60, 57, 57, 59, 66, 86, 52, 43, 57, 68, 60, 46, 56, 48, 70, 64, 48, 66, 44, 67, 72, 63, 53, 65, 51, 45, 51, 62, 72, 64, 41, 59, 58, 67, 44, 77, 53, 54, 55, 60, 43, 56, 59, 63, 75, 57, 61, 51, 54, 60, 52, 56, 55, 58, 52, 74, 61, 48, 44, 49, 53, 48, 52, 64, 54, 63, 55, 56, 54, 57, 51, 46, 49, 54, 64, 54, 74, 53, 44, 55, 51, 69, 51, 52, 58]
2019-04-21 12:51:42,674 [INFO] eval
2019-04-21 12:51:42,782 [INFO] eval-acc=0.979
2019-04-21 12:51:42,893 [INFO] k=1 eval-acc=0.979
2019-04-21 12:51:42,893 [INFO] k=2 eval-acc=0.993
2019-04-21 12:51:42,893 [INFO] k=3 eval-acc=0.993
2019-04-21 12:51:42,893 [INFO] k=4 eval-acc=0.993
2019-04-21 12:51:42,893 [INFO] k=5 eval-acc=0.993
2019-04-21 12:51:42,893 [INFO] k=6 eval-acc=0.993
2019-04-21 12:51:42,893 [INFO] k=7 eval-acc=0.993
2019-04-21 12:51:42,893 [INFO] k=8 eval-acc=0.993
2019-04-21 12:51:42,893 [INFO] k=9 eval-acc=0.993
2019-04-21 12:51:42,893 [INFO] k=10 eval-acc=0.993
2019-04-21 12:51:42,894 [INFO] fold 8
2019-04-21 12:51:42,895 [INFO] train
2019-04-21 12:51:43,494 [INFO] depths = [61, 45, 56, 57, 68, 56, 49, 62, 53, 49, 68, 78, 52, 55, 50, 50, 42, 69, 54, 49, 71, 55, 48, 51, 53, 64, 69, 48, 63, 55, 53, 57, 51, 48, 60, 62, 68, 64, 60, 67, 43, 39, 56, 56, 47, 56, 50, 64, 75, 52, 59, 48, 41, 64, 59, 62, 74, 42, 44, 49, 74, 50, 51, 51, 65, 45, 64, 68, 65, 64, 52, 50, 45, 71, 69, 54, 59, 65, 60, 47, 64, 66, 56, 59, 60, 66, 75, 50, 53, 59, 53, 52, 61, 57, 58, 63, 56, 45, 51, 63, 50, 46, 57, 50, 49, 40, 52, 56, 47, 55, 43, 58, 55, 56, 47, 53, 68, 70, 43, 65, 60, 65, 57, 65, 64, 74, 42, 46, 58, 61, 40, 61, 50, 66, 41, 52, 63, 70, 76, 76, 61, 53, 54, 55, 50, 67, 54, 56, 52, 44, 54, 58, 47, 68, 74, 51, 74, 65, 53, 63, 67, 60, 53, 54, 61, 48, 41, 60, 56, 50, 52, 46, 68, 66, 54, 69, 44, 76, 53, 47, 49, 57, 70, 55, 46, 59, 58, 65, 57, 45, 50, 72, 58, 52, 53, 44, 57, 48, 48, 65, 64, 55, 52, 58, 50, 48, 81, 48, 56, 63, 52, 64, 47, 46, 49, 43, 64, 51, 60, 55, 74, 49, 48, 62, 47, 53, 56, 49, 43, 65, 62, 45, 47, 59, 71, 68, 53, 61, 56, 73, 48, 72, 56, 59, 53, 52, 52, 55, 45, 57, 63, 43, 63, 56, 48, 44, 61, 62, 63, 66, 60, 75, 41, 59, 65, 50, 52, 67, 68, 69, 70, 55, 60, 66, 54, 63, 60, 71, 51, 69, 55, 68, 76, 58, 56, 67, 52, 50, 68, 60, 48, 48, 57, 59, 74, 48, 56, 60, 52, 58]
2019-04-21 12:51:43,643 [INFO] leaf-node-counts = [61, 45, 56, 57, 68, 56, 49, 62, 53, 49, 68, 78, 52, 55, 50, 50, 42, 69, 54, 49, 71, 55, 48, 51, 53, 64, 69, 48, 63, 55, 53, 57, 51, 48, 60, 62, 68, 64, 60, 67, 43, 39, 56, 56, 47, 56, 50, 64, 75, 52, 59, 48, 41, 64, 59, 62, 74, 42, 44, 49, 74, 50, 51, 51, 65, 45, 64, 68, 65, 64, 52, 50, 45, 71, 69, 54, 59, 65, 60, 47, 64, 66, 56, 59, 60, 66, 75, 50, 53, 59, 53, 52, 61, 57, 58, 63, 56, 45, 51, 63, 50, 46, 57, 50, 49, 40, 52, 56, 47, 55, 43, 58, 55, 56, 47, 53, 68, 70, 43, 65, 60, 65, 57, 65, 64, 74, 42, 46, 58, 61, 40, 61, 50, 66, 41, 52, 63, 70, 76, 76, 61, 53, 54, 55, 50, 67, 54, 56, 52, 44, 54, 58, 47, 68, 74, 51, 74, 65, 53, 63, 67, 60, 53, 54, 61, 48, 41, 60, 56, 50, 52, 46, 68, 66, 54, 69, 44, 76, 53, 47, 49, 57, 70, 55, 46, 59, 58, 65, 57, 45, 50, 72, 58, 52, 53, 44, 57, 48, 48, 65, 64, 55, 52, 58, 50, 48, 81, 48, 56, 63, 52, 64, 47, 46, 49, 43, 64, 51, 60, 55, 74, 49, 48, 62, 47, 53, 56, 49, 43, 65, 62, 45, 47, 59, 71, 68, 53, 61, 56, 73, 48, 72, 56, 59, 53, 52, 52, 55, 45, 57, 63, 43, 63, 56, 48, 44, 61, 62, 63, 66, 60, 75, 41, 59, 65, 50, 52, 67, 68, 69, 70, 55, 60, 66, 54, 63, 60, 71, 51, 69, 55, 68, 76, 58, 56, 67, 52, 50, 68, 60, 48, 48, 57, 59, 74, 48, 56, 60, 52, 58]
2019-04-21 12:51:43,643 [INFO] eval
2019-04-21 12:51:43,749 [INFO] eval-acc=0.971
2019-04-21 12:51:43,854 [INFO] k=1 eval-acc=0.971
2019-04-21 12:51:43,855 [INFO] k=2 eval-acc=0.971
2019-04-21 12:51:43,855 [INFO] k=3 eval-acc=0.979
2019-04-21 12:51:43,855 [INFO] k=4 eval-acc=0.979
2019-04-21 12:51:43,855 [INFO] k=5 eval-acc=0.986
2019-04-21 12:51:43,855 [INFO] k=6 eval-acc=0.986
2019-04-21 12:51:43,855 [INFO] k=7 eval-acc=1.000
2019-04-21 12:51:43,855 [INFO] k=8 eval-acc=1.000
2019-04-21 12:51:43,855 [INFO] k=9 eval-acc=1.000
2019-04-21 12:51:43,855 [INFO] k=10 eval-acc=1.000
2019-04-21 12:51:43,879 [INFO] acc-mean=0.963 acc-std=0.019 acc-max=0.986
2019-04-21 12:51:43,879 [INFO] k=1 acc-mean=0.963
2019-04-21 12:51:43,879 [INFO] k=2 acc-mean=0.980
2019-04-21 12:51:43,880 [INFO] k=3 acc-mean=0.987
2019-04-21 12:51:43,880 [INFO] k=4 acc-mean=0.988
2019-04-21 12:51:43,880 [INFO] k=5 acc-mean=0.990
2019-04-21 12:51:43,880 [INFO] k=6 acc-mean=0.992
2019-04-21 12:51:43,880 [INFO] k=7 acc-mean=0.994
2019-04-21 12:51:43,880 [INFO] k=8 acc-mean=0.994
2019-04-21 12:51:43,880 [INFO] k=9 acc-mean=0.994
2019-04-21 12:51:43,880 [INFO] k=10 acc-mean=0.994
{"metadata": {"n_classes": 140}, "metrics": {"acc_k": {"1": 0.9634920634920634, "2": 0.9801587301587301, "3": 0.9865079365079364, "4": 0.988095238095238, "5": 0.9904761904761905, "6": 0.9920634920634921, "7": 0.9944444444444444, "8": 0.9944444444444444, "9": 0.9944444444444444, "10": 0.9944444444444444}, "acc_max": 0.9857142857142858, "acc_mean": 0.9634920634920634, "acc_std": 0.019179438053324713}, "options": {"cutoff": 9, "exact": true, "json_result": true, "max_classes": null, "max_depth": null, "max_features": 2500, "max_leaf_nodes_scale": null, "n_estimators": 300, "n_jobs": -1, "name": null, "path_c": null, "path_cpp": null, "path_py": "/Users/adrozdov/Downloads/gcj-py-2014.jsonl", "preset_c": "none", "preset_cpp": "none", "preset_py": "none", "seed": 5963801, "show_progress": false, "verbose": false}}
