/Users/adrozdov/miniconda3/envs/diora/lib/python3.6/site-packages/sklearn/ensemble/weight_boosting.py:29: DeprecationWarning: numpy.core.umath_tests is an internal NumPy module and should not be imported. It will be removed in a future NumPy release.
  from numpy.core.umath_tests import inner1d
2019-04-21 12:49:34,799 [INFO] start
2019-04-21 12:49:42,568 [INFO] balancing data
2019-04-21 12:49:42,747 [INFO] found 636 eligible classes
2019-04-21 12:49:42,750 [INFO] joining strings
2019-04-21 12:49:42,791 [INFO] tfidf data
2019-04-21 12:49:43,348 [INFO] language-counter=Counter({'python': 5724})
2019-04-21 12:49:43,348 [INFO] X.shape=(5724, 2500) Y.shape=(5724,)
2019-04-21 12:49:43,349 [INFO] n-classes=636
2019-04-21 12:49:43,349 [INFO] fold 0
2019-04-21 12:49:43,477 [INFO] train
2019-04-21 12:49:52,658 [INFO] depths = [163, 121, 132, 172, 107, 162, 134, 149, 124, 129, 156, 159, 117, 149, 113, 154, 156, 135, 130, 151, 137, 149, 156, 150, 142, 135, 116, 110, 157, 125, 107, 93, 143, 131, 160, 111, 140, 135, 153, 133, 136, 134, 114, 135, 120, 145, 133, 114, 113, 132, 164, 170, 125, 119, 152, 162, 145, 143, 143, 121, 113, 136, 148, 138, 133, 121, 162, 139, 122, 142, 144, 151, 135, 148, 118, 143, 126, 139, 158, 117, 140, 141, 144, 133, 125, 156, 147, 143, 123, 124, 125, 138, 151, 119, 108, 135, 142, 131, 112, 126, 130, 108, 115, 133, 148, 123, 127, 144, 125, 146, 106, 126, 120, 103, 112, 160, 164, 130, 101, 140, 112, 136, 179, 113, 167, 144, 115, 169, 169, 136, 126, 147, 140, 141, 157, 144, 157, 130, 121, 114, 129, 151, 128, 160, 162, 118, 125, 139, 157, 133, 105, 129, 180, 141, 129, 167, 134, 154, 148, 125, 129, 95, 98, 141, 133, 128, 133, 138, 120, 137, 120, 139, 128, 140, 148, 123, 126, 149, 126, 148, 133, 146, 171, 131, 133, 130, 144, 114, 147, 143, 122, 111, 131, 200, 137, 115, 143, 137, 106, 159, 130, 146, 124, 154, 127, 149, 172, 124, 125, 156, 125, 134, 166, 167, 145, 130, 178, 100, 126, 168, 146, 119, 96, 120, 129, 137, 119, 126, 113, 163, 131, 112, 145, 161, 149, 141, 121, 154, 140, 128, 140, 142, 173, 161, 132, 143, 123, 143, 104, 127, 134, 131, 130, 156, 165, 129, 138, 122, 126, 190, 150, 180, 123, 113, 133, 125, 151, 136, 137, 108, 148, 144, 135, 128, 105, 148, 128, 157, 144, 127, 113, 136, 138, 120, 119, 140, 125, 149, 136, 145, 103, 134, 103, 147, 139, 143, 141, 171, 139, 139]
2019-04-21 12:49:53,414 [INFO] leaf-node-counts = [163, 121, 132, 172, 107, 162, 134, 149, 124, 129, 156, 159, 117, 149, 113, 154, 156, 135, 130, 151, 137, 149, 156, 150, 142, 135, 116, 110, 157, 125, 107, 93, 143, 131, 160, 111, 140, 135, 153, 133, 136, 134, 114, 135, 120, 145, 133, 114, 113, 132, 164, 170, 125, 119, 152, 162, 145, 143, 143, 121, 113, 136, 148, 138, 133, 121, 162, 139, 122, 142, 144, 151, 135, 148, 118, 143, 126, 139, 158, 117, 140, 141, 144, 133, 125, 156, 147, 143, 123, 124, 125, 138, 151, 119, 108, 135, 142, 131, 112, 126, 130, 108, 115, 133, 148, 123, 127, 144, 125, 146, 106, 126, 120, 103, 112, 160, 164, 130, 101, 140, 112, 136, 179, 113, 167, 144, 115, 169, 169, 136, 126, 147, 140, 141, 157, 144, 157, 130, 121, 114, 129, 151, 128, 160, 162, 118, 125, 139, 157, 133, 105, 129, 180, 141, 129, 167, 134, 154, 148, 125, 129, 95, 98, 141, 133, 128, 133, 138, 120, 137, 120, 139, 128, 140, 148, 123, 126, 149, 126, 148, 133, 146, 171, 131, 133, 130, 144, 114, 147, 143, 122, 111, 131, 200, 137, 115, 143, 137, 106, 159, 130, 146, 124, 154, 127, 149, 172, 124, 125, 156, 125, 134, 166, 167, 145, 130, 178, 100, 126, 168, 146, 119, 96, 120, 129, 137, 119, 126, 113, 163, 131, 112, 145, 161, 149, 141, 121, 154, 140, 128, 140, 142, 173, 161, 132, 143, 123, 143, 104, 127, 134, 131, 130, 156, 165, 129, 138, 122, 126, 190, 150, 180, 123, 113, 133, 125, 151, 136, 137, 108, 148, 144, 135, 128, 105, 148, 128, 157, 144, 127, 113, 136, 138, 120, 119, 140, 125, 149, 136, 145, 103, 134, 103, 147, 139, 143, 141, 171, 139, 139]
2019-04-21 12:49:53,415 [INFO] eval
2019-04-21 12:49:53,833 [INFO] eval-acc=0.961
2019-04-21 12:49:54,255 [INFO] k=1 eval-acc=0.961
2019-04-21 12:49:54,255 [INFO] k=2 eval-acc=0.975
2019-04-21 12:49:54,255 [INFO] k=3 eval-acc=0.980
2019-04-21 12:49:54,256 [INFO] k=4 eval-acc=0.981
2019-04-21 12:49:54,256 [INFO] k=5 eval-acc=0.987
2019-04-21 12:49:54,256 [INFO] k=6 eval-acc=0.991
2019-04-21 12:49:54,256 [INFO] k=7 eval-acc=0.991
2019-04-21 12:49:54,256 [INFO] k=8 eval-acc=0.992
2019-04-21 12:49:54,256 [INFO] k=9 eval-acc=0.992
2019-04-21 12:49:54,256 [INFO] k=10 eval-acc=0.994
2019-04-21 12:49:54,256 [INFO] fold 1
2019-04-21 12:49:54,260 [INFO] train
2019-04-21 12:50:03,794 [INFO] depths = [148, 154, 101, 137, 119, 124, 131, 145, 168, 112, 121, 149, 159, 116, 133, 155, 144, 150, 126, 121, 126, 143, 151, 145, 125, 140, 144, 129, 142, 142, 157, 86, 117, 152, 133, 129, 125, 122, 123, 158, 132, 142, 108, 124, 134, 132, 159, 116, 116, 123, 140, 140, 97, 147, 143, 148, 160, 163, 135, 124, 160, 138, 147, 109, 116, 171, 164, 159, 134, 128, 160, 135, 157, 144, 112, 143, 150, 112, 138, 155, 140, 125, 160, 121, 133, 165, 145, 145, 160, 126, 141, 146, 163, 135, 143, 126, 138, 139, 135, 143, 137, 127, 133, 142, 124, 126, 129, 164, 118, 126, 146, 125, 120, 102, 118, 132, 131, 135, 133, 137, 152, 130, 183, 114, 145, 120, 120, 163, 174, 134, 168, 179, 130, 166, 134, 133, 117, 148, 187, 150, 106, 140, 150, 154, 151, 121, 127, 149, 140, 135, 131, 139, 137, 93, 127, 135, 122, 108, 161, 118, 116, 119, 126, 119, 130, 140, 128, 125, 114, 157, 150, 138, 129, 169, 167, 115, 152, 157, 153, 136, 172, 101, 175, 139, 173, 176, 165, 117, 148, 146, 162, 133, 138, 145, 131, 132, 137, 151, 131, 128, 168, 141, 165, 139, 146, 148, 125, 168, 141, 118, 143, 167, 179, 106, 153, 132, 106, 118, 137, 179, 164, 156, 136, 130, 130, 140, 110, 133, 116, 126, 146, 148, 177, 166, 161, 121, 144, 119, 153, 102, 144, 150, 157, 124, 143, 129, 136, 143, 134, 127, 152, 111, 126, 159, 114, 134, 137, 112, 114, 159, 160, 147, 170, 111, 148, 126, 124, 144, 116, 122, 159, 136, 151, 117, 158, 170, 160, 146, 96, 118, 144, 157, 154, 117, 128, 161, 150, 126, 151, 174, 147, 167, 134, 109, 167, 140, 157, 151, 135, 151]
2019-04-21 12:50:04,508 [INFO] leaf-node-counts = [148, 154, 101, 137, 119, 124, 131, 145, 168, 112, 121, 149, 159, 116, 133, 155, 144, 150, 126, 121, 126, 143, 151, 145, 125, 140, 144, 129, 142, 142, 157, 86, 117, 152, 133, 129, 125, 122, 123, 158, 132, 142, 108, 124, 134, 132, 159, 116, 116, 123, 140, 140, 97, 147, 143, 148, 160, 163, 135, 124, 160, 138, 147, 109, 116, 171, 164, 159, 134, 128, 160, 135, 157, 144, 112, 143, 150, 112, 138, 155, 140, 125, 160, 121, 133, 165, 145, 145, 160, 126, 141, 146, 163, 135, 143, 126, 138, 139, 135, 143, 137, 127, 133, 142, 124, 126, 129, 164, 118, 126, 146, 125, 120, 102, 118, 132, 131, 135, 133, 137, 152, 130, 183, 114, 145, 120, 120, 163, 174, 134, 168, 179, 130, 166, 134, 133, 117, 148, 187, 150, 106, 140, 150, 154, 151, 121, 127, 149, 140, 135, 131, 139, 137, 93, 127, 135, 122, 108, 161, 118, 116, 119, 126, 119, 130, 140, 128, 125, 114, 157, 150, 138, 129, 169, 167, 115, 152, 157, 153, 136, 172, 101, 175, 139, 173, 176, 165, 117, 148, 146, 162, 133, 138, 145, 131, 132, 137, 151, 131, 128, 168, 141, 165, 139, 146, 148, 125, 168, 141, 118, 143, 167, 179, 106, 153, 132, 106, 118, 137, 179, 164, 156, 136, 130, 130, 140, 110, 133, 116, 126, 146, 148, 177, 166, 161, 121, 144, 119, 153, 102, 144, 150, 157, 124, 143, 129, 136, 143, 134, 127, 152, 111, 126, 159, 114, 134, 137, 112, 114, 159, 160, 147, 170, 111, 148, 126, 124, 144, 116, 122, 159, 136, 151, 117, 158, 170, 160, 146, 96, 118, 144, 157, 154, 117, 128, 161, 150, 126, 151, 174, 147, 167, 134, 109, 167, 140, 157, 151, 135, 151]
2019-04-21 12:50:04,508 [INFO] eval
2019-04-21 12:50:04,926 [INFO] eval-acc=0.945
2019-04-21 12:50:05,341 [INFO] k=1 eval-acc=0.945
2019-04-21 12:50:05,341 [INFO] k=2 eval-acc=0.965
2019-04-21 12:50:05,341 [INFO] k=3 eval-acc=0.975
2019-04-21 12:50:05,341 [INFO] k=4 eval-acc=0.980
2019-04-21 12:50:05,341 [INFO] k=5 eval-acc=0.983
2019-04-21 12:50:05,341 [INFO] k=6 eval-acc=0.986
2019-04-21 12:50:05,341 [INFO] k=7 eval-acc=0.987
2019-04-21 12:50:05,341 [INFO] k=8 eval-acc=0.987
2019-04-21 12:50:05,341 [INFO] k=9 eval-acc=0.989
2019-04-21 12:50:05,341 [INFO] k=10 eval-acc=0.991
2019-04-21 12:50:05,342 [INFO] fold 2
2019-04-21 12:50:05,345 [INFO] train
2019-04-21 12:50:15,207 [INFO] depths = [140, 162, 121, 141, 96, 157, 151, 168, 124, 125, 161, 133, 119, 163, 136, 135, 135, 131, 130, 131, 128, 127, 153, 137, 137, 148, 125, 111, 122, 118, 143, 94, 156, 196, 113, 134, 125, 114, 138, 163, 152, 137, 152, 146, 144, 161, 126, 130, 109, 129, 112, 134, 118, 102, 112, 125, 144, 133, 150, 147, 146, 166, 151, 161, 162, 123, 131, 174, 165, 150, 149, 132, 126, 114, 116, 154, 138, 99, 162, 133, 143, 123, 143, 116, 117, 142, 151, 139, 161, 147, 118, 163, 131, 112, 131, 97, 148, 113, 151, 147, 86, 135, 143, 153, 105, 114, 121, 144, 136, 151, 136, 124, 139, 121, 120, 104, 126, 127, 132, 160, 118, 129, 111, 127, 144, 120, 134, 146, 115, 134, 133, 137, 126, 154, 132, 137, 107, 142, 144, 137, 130, 137, 125, 185, 135, 142, 154, 121, 139, 137, 135, 178, 114, 132, 164, 138, 138, 127, 128, 135, 149, 114, 108, 135, 157, 111, 148, 140, 146, 155, 129, 164, 170, 131, 149, 163, 118, 162, 141, 133, 149, 139, 149, 143, 131, 131, 134, 113, 124, 111, 115, 136, 122, 132, 152, 172, 117, 143, 175, 111, 136, 159, 129, 139, 169, 167, 111, 142, 101, 115, 141, 144, 113, 157, 123, 139, 99, 129, 105, 158, 134, 138, 122, 146, 140, 131, 133, 132, 135, 128, 153, 111, 164, 148, 131, 120, 163, 138, 128, 112, 143, 150, 125, 142, 119, 134, 136, 144, 160, 154, 135, 149, 147, 137, 127, 128, 117, 95, 113, 148, 114, 127, 169, 134, 137, 133, 147, 158, 146, 120, 129, 140, 130, 164, 142, 147, 156, 143, 155, 162, 142, 162, 165, 132, 173, 122, 125, 129, 159, 139, 103, 124, 129, 126, 121, 135, 144, 163, 147, 147]
2019-04-21 12:50:15,938 [INFO] leaf-node-counts = [140, 162, 121, 141, 96, 157, 151, 168, 124, 125, 161, 133, 119, 163, 136, 135, 135, 131, 130, 131, 128, 127, 153, 137, 137, 148, 125, 111, 122, 118, 143, 94, 156, 196, 113, 134, 125, 114, 138, 163, 152, 137, 152, 146, 144, 161, 126, 130, 109, 129, 112, 134, 118, 102, 112, 125, 144, 133, 150, 147, 146, 166, 151, 161, 162, 123, 131, 174, 165, 150, 149, 132, 126, 114, 116, 154, 138, 99, 162, 133, 143, 123, 143, 116, 117, 142, 151, 139, 161, 147, 118, 163, 131, 112, 131, 97, 148, 113, 151, 147, 86, 135, 143, 153, 105, 114, 121, 144, 136, 151, 136, 124, 139, 121, 120, 104, 126, 127, 132, 160, 118, 129, 111, 127, 144, 120, 134, 146, 115, 134, 133, 137, 126, 154, 132, 137, 107, 142, 144, 137, 130, 137, 125, 185, 135, 142, 154, 121, 139, 137, 135, 178, 114, 132, 164, 138, 138, 127, 128, 135, 149, 114, 108, 135, 157, 111, 148, 140, 146, 155, 129, 164, 170, 131, 149, 163, 118, 162, 141, 133, 149, 139, 149, 143, 131, 131, 134, 113, 124, 111, 115, 136, 122, 132, 152, 172, 117, 143, 175, 111, 136, 159, 129, 139, 169, 167, 111, 142, 101, 115, 141, 144, 113, 157, 123, 139, 99, 129, 105, 158, 134, 138, 122, 146, 140, 131, 133, 132, 135, 128, 153, 111, 164, 148, 131, 120, 163, 138, 128, 112, 143, 150, 125, 142, 119, 134, 136, 144, 160, 154, 135, 149, 147, 137, 127, 128, 117, 95, 113, 148, 114, 127, 169, 134, 137, 133, 147, 158, 146, 120, 129, 140, 130, 164, 142, 147, 156, 143, 155, 162, 142, 162, 165, 132, 173, 122, 125, 129, 159, 139, 103, 124, 129, 126, 121, 135, 144, 163, 147, 147]
2019-04-21 12:50:15,938 [INFO] eval
2019-04-21 12:50:16,357 [INFO] eval-acc=0.943
2019-04-21 12:50:16,780 [INFO] k=1 eval-acc=0.943
2019-04-21 12:50:16,780 [INFO] k=2 eval-acc=0.964
2019-04-21 12:50:16,780 [INFO] k=3 eval-acc=0.970
2019-04-21 12:50:16,780 [INFO] k=4 eval-acc=0.978
2019-04-21 12:50:16,780 [INFO] k=5 eval-acc=0.980
2019-04-21 12:50:16,780 [INFO] k=6 eval-acc=0.987
2019-04-21 12:50:16,780 [INFO] k=7 eval-acc=0.991
2019-04-21 12:50:16,780 [INFO] k=8 eval-acc=0.992
2019-04-21 12:50:16,780 [INFO] k=9 eval-acc=0.995
2019-04-21 12:50:16,780 [INFO] k=10 eval-acc=0.997
2019-04-21 12:50:16,780 [INFO] fold 3
2019-04-21 12:50:16,784 [INFO] train
2019-04-21 12:50:26,654 [INFO] depths = [119, 138, 120, 137, 108, 102, 150, 156, 145, 141, 138, 139, 130, 123, 120, 129, 120, 130, 139, 136, 160, 119, 167, 132, 120, 124, 144, 114, 117, 116, 144, 128, 122, 148, 148, 127, 121, 135, 134, 134, 148, 134, 148, 169, 132, 115, 161, 123, 123, 159, 182, 130, 130, 112, 165, 167, 167, 142, 170, 146, 131, 120, 147, 127, 134, 114, 154, 125, 139, 135, 152, 138, 176, 141, 152, 166, 129, 169, 158, 121, 146, 122, 121, 150, 152, 141, 115, 141, 159, 142, 138, 171, 140, 135, 120, 132, 156, 141, 114, 134, 171, 120, 149, 156, 117, 163, 126, 154, 138, 161, 130, 143, 147, 132, 134, 148, 120, 106, 138, 134, 144, 138, 153, 138, 154, 137, 137, 134, 129, 108, 145, 116, 117, 157, 123, 130, 150, 121, 143, 137, 126, 127, 149, 136, 125, 129, 139, 123, 125, 170, 131, 178, 135, 125, 127, 134, 167, 144, 161, 125, 154, 125, 119, 140, 157, 118, 165, 141, 142, 135, 159, 136, 136, 154, 141, 123, 134, 137, 127, 144, 119, 119, 131, 158, 125, 114, 144, 100, 122, 111, 121, 142, 143, 128, 159, 127, 109, 133, 156, 111, 119, 121, 135, 125, 133, 145, 121, 125, 133, 137, 139, 150, 119, 142, 135, 137, 115, 138, 132, 149, 134, 157, 119, 118, 138, 134, 111, 137, 120, 144, 140, 166, 132, 162, 155, 127, 172, 128, 149, 108, 120, 160, 152, 130, 135, 145, 121, 131, 152, 134, 139, 156, 106, 148, 148, 147, 142, 150, 138, 146, 131, 107, 146, 125, 142, 130, 114, 167, 132, 128, 139, 135, 161, 145, 119, 149, 166, 140, 132, 137, 164, 126, 177, 131, 153, 159, 160, 140, 156, 166, 137, 131, 143, 131, 138, 163, 142, 138, 126, 194]
2019-04-21 12:50:27,403 [INFO] leaf-node-counts = [119, 138, 120, 137, 108, 102, 150, 156, 145, 141, 138, 139, 130, 123, 120, 129, 120, 130, 139, 136, 160, 119, 167, 132, 120, 124, 144, 114, 117, 116, 144, 128, 122, 148, 148, 127, 121, 135, 134, 134, 148, 134, 148, 169, 132, 115, 161, 123, 123, 159, 182, 130, 130, 112, 165, 167, 167, 142, 170, 146, 131, 120, 147, 127, 134, 114, 154, 125, 139, 135, 152, 138, 176, 141, 152, 166, 129, 169, 158, 121, 146, 122, 121, 150, 152, 141, 115, 141, 159, 142, 138, 171, 140, 135, 120, 132, 156, 141, 114, 134, 171, 120, 149, 156, 117, 163, 126, 154, 138, 161, 130, 143, 147, 132, 134, 148, 120, 106, 138, 134, 144, 138, 153, 138, 154, 137, 137, 134, 129, 108, 145, 116, 117, 157, 123, 130, 150, 121, 143, 137, 126, 127, 149, 136, 125, 129, 139, 123, 125, 170, 131, 178, 135, 125, 127, 134, 167, 144, 161, 125, 154, 125, 119, 140, 157, 118, 165, 141, 142, 135, 159, 136, 136, 154, 141, 123, 134, 137, 127, 144, 119, 119, 131, 158, 125, 114, 144, 100, 122, 111, 121, 142, 143, 128, 159, 127, 109, 133, 156, 111, 119, 121, 135, 125, 133, 145, 121, 125, 133, 137, 139, 150, 119, 142, 135, 137, 115, 138, 132, 149, 134, 157, 119, 118, 138, 134, 111, 137, 120, 144, 140, 166, 132, 162, 155, 127, 172, 128, 149, 108, 120, 160, 152, 130, 135, 145, 121, 131, 152, 134, 139, 156, 106, 148, 148, 147, 142, 150, 138, 146, 131, 107, 146, 125, 142, 130, 114, 167, 132, 128, 139, 135, 161, 145, 119, 149, 166, 140, 132, 137, 164, 126, 177, 131, 153, 159, 160, 140, 156, 166, 137, 131, 143, 131, 138, 163, 142, 138, 126, 194]
2019-04-21 12:50:27,403 [INFO] eval
2019-04-21 12:50:27,816 [INFO] eval-acc=0.967
2019-04-21 12:50:28,129 [INFO] k=1 eval-acc=0.967
2019-04-21 12:50:28,129 [INFO] k=2 eval-acc=0.975
2019-04-21 12:50:28,129 [INFO] k=3 eval-acc=0.978
2019-04-21 12:50:28,129 [INFO] k=4 eval-acc=0.984
2019-04-21 12:50:28,129 [INFO] k=5 eval-acc=0.989
2019-04-21 12:50:28,129 [INFO] k=6 eval-acc=0.992
2019-04-21 12:50:28,129 [INFO] k=7 eval-acc=0.992
2019-04-21 12:50:28,129 [INFO] k=8 eval-acc=0.992
2019-04-21 12:50:28,129 [INFO] k=9 eval-acc=0.992
2019-04-21 12:50:28,129 [INFO] k=10 eval-acc=0.992
2019-04-21 12:50:28,129 [INFO] fold 4
2019-04-21 12:50:28,133 [INFO] train
2019-04-21 12:50:38,235 [INFO] depths = [148, 135, 120, 161, 112, 127, 155, 164, 110, 151, 106, 145, 121, 140, 146, 116, 145, 132, 118, 130, 129, 150, 130, 145, 146, 152, 142, 170, 160, 164, 122, 138, 152, 136, 145, 130, 132, 121, 126, 141, 161, 102, 165, 151, 142, 140, 170, 108, 126, 125, 146, 159, 118, 96, 132, 154, 144, 112, 167, 149, 107, 164, 130, 120, 152, 133, 135, 116, 133, 153, 180, 154, 119, 143, 146, 116, 126, 127, 150, 124, 186, 122, 157, 112, 144, 154, 115, 132, 147, 102, 133, 129, 158, 127, 122, 117, 134, 142, 90, 171, 116, 131, 145, 129, 107, 124, 95, 135, 134, 141, 127, 102, 128, 129, 140, 136, 158, 107, 85, 161, 121, 128, 150, 128, 177, 105, 113, 147, 135, 120, 175, 137, 139, 162, 138, 143, 111, 134, 192, 93, 102, 125, 159, 163, 100, 147, 124, 152, 115, 143, 147, 131, 104, 172, 158, 133, 170, 176, 124, 150, 153, 113, 143, 157, 128, 147, 168, 106, 151, 125, 170, 128, 149, 142, 147, 150, 133, 137, 132, 145, 140, 137, 158, 170, 152, 156, 126, 164, 136, 107, 151, 199, 145, 146, 122, 128, 123, 130, 140, 141, 129, 147, 133, 125, 134, 148, 131, 146, 123, 158, 119, 166, 160, 150, 123, 112, 93, 163, 162, 180, 118, 143, 166, 134, 126, 145, 145, 130, 141, 133, 128, 147, 163, 136, 132, 126, 131, 137, 124, 111, 114, 150, 151, 118, 132, 159, 111, 147, 148, 131, 153, 129, 137, 152, 140, 143, 156, 138, 126, 116, 126, 143, 111, 139, 199, 129, 152, 150, 175, 122, 115, 135, 118, 147, 132, 129, 133, 184, 145, 134, 150, 151, 122, 125, 191, 140, 150, 152, 104, 127, 147, 102, 124, 129, 145, 127, 136, 119, 135, 143]
2019-04-21 12:50:39,008 [INFO] leaf-node-counts = [148, 135, 120, 161, 112, 127, 155, 164, 110, 151, 106, 145, 121, 140, 146, 116, 145, 132, 118, 130, 129, 150, 130, 145, 146, 152, 142, 170, 160, 164, 122, 138, 152, 136, 145, 130, 132, 121, 126, 141, 161, 102, 165, 151, 142, 140, 170, 108, 126, 125, 146, 159, 118, 96, 132, 154, 144, 112, 167, 149, 107, 164, 130, 120, 152, 133, 135, 116, 133, 153, 180, 154, 119, 143, 146, 116, 126, 127, 150, 124, 186, 122, 157, 112, 144, 154, 115, 132, 147, 102, 133, 129, 158, 127, 122, 117, 134, 142, 90, 171, 116, 131, 145, 129, 107, 124, 95, 135, 134, 141, 127, 102, 128, 129, 140, 136, 158, 107, 85, 161, 121, 128, 150, 128, 177, 105, 113, 147, 135, 120, 175, 137, 139, 162, 138, 143, 111, 134, 192, 93, 102, 125, 159, 163, 100, 147, 124, 152, 115, 143, 147, 131, 104, 172, 158, 133, 170, 176, 124, 150, 153, 113, 143, 157, 128, 147, 168, 106, 151, 125, 170, 128, 149, 142, 147, 150, 133, 137, 132, 145, 140, 137, 158, 170, 152, 156, 126, 164, 136, 107, 151, 199, 145, 146, 122, 128, 123, 130, 140, 141, 129, 147, 133, 125, 134, 148, 131, 146, 123, 158, 119, 166, 160, 150, 123, 112, 93, 163, 162, 180, 118, 143, 166, 134, 126, 145, 145, 130, 141, 133, 128, 147, 163, 136, 132, 126, 131, 137, 124, 111, 114, 150, 151, 118, 132, 159, 111, 147, 148, 131, 153, 129, 137, 152, 140, 143, 156, 138, 126, 116, 126, 143, 111, 139, 199, 129, 152, 150, 175, 122, 115, 135, 118, 147, 132, 129, 133, 184, 145, 134, 150, 151, 122, 125, 191, 140, 150, 152, 104, 127, 147, 102, 124, 129, 145, 127, 136, 119, 135, 143]
2019-04-21 12:50:39,009 [INFO] eval
2019-04-21 12:50:39,418 [INFO] eval-acc=0.948
2019-04-21 12:50:39,738 [INFO] k=1 eval-acc=0.948
2019-04-21 12:50:39,738 [INFO] k=2 eval-acc=0.961
2019-04-21 12:50:39,738 [INFO] k=3 eval-acc=0.973
2019-04-21 12:50:39,739 [INFO] k=4 eval-acc=0.981
2019-04-21 12:50:39,739 [INFO] k=5 eval-acc=0.983
2019-04-21 12:50:39,739 [INFO] k=6 eval-acc=0.986
2019-04-21 12:50:39,739 [INFO] k=7 eval-acc=0.987
2019-04-21 12:50:39,739 [INFO] k=8 eval-acc=0.989
2019-04-21 12:50:39,739 [INFO] k=9 eval-acc=0.989
2019-04-21 12:50:39,739 [INFO] k=10 eval-acc=0.992
2019-04-21 12:50:39,739 [INFO] fold 5
2019-04-21 12:50:39,742 [INFO] train
2019-04-21 12:50:49,439 [INFO] depths = [146, 145, 154, 120, 104, 113, 146, 133, 128, 147, 114, 139, 138, 148, 121, 168, 114, 121, 139, 144, 130, 131, 98, 121, 173, 111, 135, 176, 169, 110, 151, 177, 147, 162, 136, 148, 105, 138, 140, 150, 158, 118, 135, 149, 149, 122, 146, 147, 128, 133, 119, 165, 113, 105, 126, 159, 144, 153, 125, 143, 138, 144, 118, 124, 142, 155, 148, 127, 138, 133, 165, 143, 145, 149, 112, 135, 125, 140, 166, 105, 144, 113, 137, 147, 130, 157, 129, 145, 158, 104, 130, 134, 149, 150, 137, 122, 145, 111, 104, 150, 105, 172, 153, 141, 127, 149, 109, 142, 148, 148, 139, 139, 151, 136, 99, 113, 157, 140, 173, 128, 126, 123, 127, 118, 160, 135, 130, 128, 117, 139, 160, 138, 150, 146, 149, 129, 146, 155, 141, 102, 148, 112, 138, 158, 130, 120, 137, 136, 122, 139, 137, 144, 149, 138, 154, 178, 161, 159, 153, 121, 159, 148, 113, 165, 114, 138, 124, 129, 158, 116, 179, 156, 135, 116, 119, 136, 118, 128, 135, 162, 118, 143, 111, 125, 134, 159, 120, 99, 133, 175, 132, 129, 130, 129, 142, 145, 146, 127, 114, 149, 168, 135, 118, 165, 138, 165, 115, 139, 150, 123, 113, 142, 130, 146, 130, 137, 93, 122, 143, 163, 148, 139, 151, 151, 162, 150, 130, 133, 115, 135, 138, 146, 128, 132, 156, 151, 141, 155, 126, 133, 151, 131, 173, 145, 140, 138, 128, 137, 138, 116, 123, 106, 126, 128, 132, 111, 146, 134, 125, 138, 136, 141, 142, 145, 140, 138, 123, 131, 123, 182, 141, 161, 161, 97, 145, 142, 136, 135, 131, 122, 147, 141, 117, 145, 169, 149, 144, 137, 124, 162, 105, 135, 138, 110, 143, 158, 157, 152, 158, 113]
2019-04-21 12:50:50,151 [INFO] leaf-node-counts = [146, 145, 154, 120, 104, 113, 146, 133, 128, 147, 114, 139, 138, 148, 121, 168, 114, 121, 139, 144, 130, 131, 98, 121, 173, 111, 135, 176, 169, 110, 151, 177, 147, 162, 136, 148, 105, 138, 140, 150, 158, 118, 135, 149, 149, 122, 146, 147, 128, 133, 119, 165, 113, 105, 126, 159, 144, 153, 125, 143, 138, 144, 118, 124, 142, 155, 148, 127, 138, 133, 165, 143, 145, 149, 112, 135, 125, 140, 166, 105, 144, 113, 137, 147, 130, 157, 129, 145, 158, 104, 130, 134, 149, 150, 137, 122, 145, 111, 104, 150, 105, 172, 153, 141, 127, 149, 109, 142, 148, 148, 139, 139, 151, 136, 99, 113, 157, 140, 173, 128, 126, 123, 127, 118, 160, 135, 130, 128, 117, 139, 160, 138, 150, 146, 149, 129, 146, 155, 141, 102, 148, 112, 138, 158, 130, 120, 137, 136, 122, 139, 137, 144, 149, 138, 154, 178, 161, 159, 153, 121, 159, 148, 113, 165, 114, 138, 124, 129, 158, 116, 179, 156, 135, 116, 119, 136, 118, 128, 135, 162, 118, 143, 111, 125, 134, 159, 120, 99, 133, 175, 132, 129, 130, 129, 142, 145, 146, 127, 114, 149, 168, 135, 118, 165, 138, 165, 115, 139, 150, 123, 113, 142, 130, 146, 130, 137, 93, 122, 143, 163, 148, 139, 151, 151, 162, 150, 130, 133, 115, 135, 138, 146, 128, 132, 156, 151, 141, 155, 126, 133, 151, 131, 173, 145, 140, 138, 128, 137, 138, 116, 123, 106, 126, 128, 132, 111, 146, 134, 125, 138, 136, 141, 142, 145, 140, 138, 123, 131, 123, 182, 141, 161, 161, 97, 145, 142, 136, 135, 131, 122, 147, 141, 117, 145, 169, 149, 144, 137, 124, 162, 105, 135, 138, 110, 143, 158, 157, 152, 158, 113]
2019-04-21 12:50:50,151 [INFO] eval
2019-04-21 12:50:50,562 [INFO] eval-acc=0.961
2019-04-21 12:50:50,877 [INFO] k=1 eval-acc=0.961
2019-04-21 12:50:50,878 [INFO] k=2 eval-acc=0.980
2019-04-21 12:50:50,878 [INFO] k=3 eval-acc=0.991
2019-04-21 12:50:50,878 [INFO] k=4 eval-acc=0.994
2019-04-21 12:50:50,878 [INFO] k=5 eval-acc=0.997
2019-04-21 12:50:50,878 [INFO] k=6 eval-acc=0.997
2019-04-21 12:50:50,878 [INFO] k=7 eval-acc=0.997
2019-04-21 12:50:50,878 [INFO] k=8 eval-acc=0.997
2019-04-21 12:50:50,878 [INFO] k=9 eval-acc=0.997
2019-04-21 12:50:50,878 [INFO] k=10 eval-acc=0.997
2019-04-21 12:50:50,878 [INFO] fold 6
2019-04-21 12:50:50,881 [INFO] train
2019-04-21 12:51:01,349 [INFO] depths = [99, 141, 143, 132, 155, 150, 140, 118, 117, 143, 120, 157, 136, 140, 119, 156, 132, 131, 139, 178, 133, 147, 156, 109, 116, 117, 157, 131, 107, 149, 115, 148, 121, 180, 148, 132, 128, 159, 148, 167, 153, 121, 121, 164, 136, 148, 131, 140, 120, 124, 139, 113, 134, 95, 143, 162, 145, 112, 140, 154, 124, 159, 120, 128, 173, 159, 142, 101, 118, 152, 128, 120, 118, 154, 131, 116, 128, 118, 150, 128, 143, 149, 139, 137, 151, 111, 106, 127, 166, 114, 126, 139, 173, 125, 118, 146, 157, 114, 104, 136, 162, 140, 144, 177, 133, 130, 104, 143, 156, 168, 142, 135, 155, 144, 122, 137, 125, 116, 134, 142, 118, 124, 175, 142, 133, 134, 139, 129, 110, 128, 136, 133, 126, 141, 124, 156, 117, 137, 159, 106, 124, 119, 148, 140, 121, 177, 129, 119, 143, 134, 132, 148, 156, 127, 150, 118, 148, 126, 151, 129, 145, 116, 128, 139, 138, 144, 127, 146, 120, 153, 175, 133, 149, 139, 150, 138, 133, 130, 142, 145, 116, 136, 124, 125, 147, 133, 150, 118, 134, 101, 184, 128, 168, 125, 160, 208, 124, 149, 129, 158, 123, 166, 153, 137, 129, 155, 131, 95, 121, 129, 128, 134, 149, 155, 131, 120, 119, 100, 152, 191, 118, 142, 165, 138, 165, 158, 131, 144, 144, 158, 179, 144, 146, 171, 115, 123, 129, 170, 140, 111, 144, 133, 147, 115, 112, 120, 120, 145, 180, 155, 158, 127, 135, 169, 142, 154, 143, 134, 113, 120, 165, 131, 130, 136, 160, 141, 135, 150, 155, 134, 170, 141, 158, 133, 128, 154, 149, 150, 154, 156, 155, 115, 113, 136, 162, 141, 147, 149, 114, 151, 113, 127, 132, 110, 149, 135, 136, 128, 132, 120]
2019-04-21 12:51:02,072 [INFO] leaf-node-counts = [99, 141, 143, 132, 155, 150, 140, 118, 117, 143, 120, 157, 136, 140, 119, 156, 132, 131, 139, 178, 133, 147, 156, 109, 116, 117, 157, 131, 107, 149, 115, 148, 121, 180, 148, 132, 128, 159, 148, 167, 153, 121, 121, 164, 136, 148, 131, 140, 120, 124, 139, 113, 134, 95, 143, 162, 145, 112, 140, 154, 124, 159, 120, 128, 173, 159, 142, 101, 118, 152, 128, 120, 118, 154, 131, 116, 128, 118, 150, 128, 143, 149, 139, 137, 151, 111, 106, 127, 166, 114, 126, 139, 173, 125, 118, 146, 157, 114, 104, 136, 162, 140, 144, 177, 133, 130, 104, 143, 156, 168, 142, 135, 155, 144, 122, 137, 125, 116, 134, 142, 118, 124, 175, 142, 133, 134, 139, 129, 110, 128, 136, 133, 126, 141, 124, 156, 117, 137, 159, 106, 124, 119, 148, 140, 121, 177, 129, 119, 143, 134, 132, 148, 156, 127, 150, 118, 148, 126, 151, 129, 145, 116, 128, 139, 138, 144, 127, 146, 120, 153, 175, 133, 149, 139, 150, 138, 133, 130, 142, 145, 116, 136, 124, 125, 147, 133, 150, 118, 134, 101, 184, 128, 168, 125, 160, 208, 124, 149, 129, 158, 123, 166, 153, 137, 129, 155, 131, 95, 121, 129, 128, 134, 149, 155, 131, 120, 119, 100, 152, 191, 118, 142, 165, 138, 165, 158, 131, 144, 144, 158, 179, 144, 146, 171, 115, 123, 129, 170, 140, 111, 144, 133, 147, 115, 112, 120, 120, 145, 180, 155, 158, 127, 135, 169, 142, 154, 143, 134, 113, 120, 165, 131, 130, 136, 160, 141, 135, 150, 155, 134, 170, 141, 158, 133, 128, 154, 149, 150, 154, 156, 155, 115, 113, 136, 162, 141, 147, 149, 114, 151, 113, 127, 132, 110, 149, 135, 136, 128, 132, 120]
2019-04-21 12:51:02,072 [INFO] eval
2019-04-21 12:51:02,488 [INFO] eval-acc=0.945
2019-04-21 12:51:02,905 [INFO] k=1 eval-acc=0.942
2019-04-21 12:51:02,905 [INFO] k=2 eval-acc=0.969
2019-04-21 12:51:02,905 [INFO] k=3 eval-acc=0.976
2019-04-21 12:51:02,905 [INFO] k=4 eval-acc=0.981
2019-04-21 12:51:02,905 [INFO] k=5 eval-acc=0.986
2019-04-21 12:51:02,905 [INFO] k=6 eval-acc=0.986
2019-04-21 12:51:02,905 [INFO] k=7 eval-acc=0.986
2019-04-21 12:51:02,905 [INFO] k=8 eval-acc=0.987
2019-04-21 12:51:02,905 [INFO] k=9 eval-acc=0.989
2019-04-21 12:51:02,905 [INFO] k=10 eval-acc=0.992
2019-04-21 12:51:02,905 [INFO] fold 7
2019-04-21 12:51:02,908 [INFO] train
2019-04-21 12:51:13,127 [INFO] depths = [118, 112, 144, 136, 142, 105, 149, 160, 127, 138, 152, 159, 124, 134, 118, 149, 120, 157, 147, 140, 127, 111, 133, 116, 135, 124, 132, 124, 127, 150, 120, 126, 111, 119, 141, 104, 161, 118, 161, 174, 107, 126, 141, 140, 161, 140, 143, 140, 145, 126, 152, 157, 142, 131, 143, 144, 128, 123, 157, 158, 126, 145, 146, 124, 153, 129, 165, 106, 131, 147, 167, 139, 154, 146, 114, 157, 140, 122, 134, 130, 160, 127, 136, 149, 151, 142, 121, 131, 138, 179, 126, 133, 118, 162, 130, 157, 137, 131, 124, 152, 180, 138, 191, 142, 138, 130, 94, 147, 165, 148, 118, 140, 146, 143, 121, 142, 138, 126, 173, 195, 134, 174, 124, 132, 150, 146, 142, 138, 164, 113, 129, 170, 156, 153, 151, 124, 146, 135, 132, 130, 117, 130, 120, 152, 122, 110, 119, 122, 150, 139, 121, 140, 119, 124, 171, 126, 138, 160, 125, 154, 168, 167, 134, 134, 163, 105, 126, 151, 120, 112, 150, 138, 178, 134, 143, 126, 118, 129, 114, 146, 112, 126, 155, 162, 117, 154, 128, 138, 141, 151, 162, 123, 141, 129, 135, 137, 145, 159, 143, 150, 180, 161, 140, 168, 173, 152, 154, 127, 137, 113, 146, 126, 139, 176, 127, 145, 109, 137, 164, 126, 108, 119, 127, 110, 164, 130, 108, 139, 143, 151, 157, 131, 168, 132, 155, 133, 163, 145, 135, 105, 130, 153, 111, 129, 103, 139, 154, 150, 165, 127, 159, 108, 150, 141, 139, 132, 135, 129, 126, 136, 138, 153, 140, 157, 156, 123, 143, 117, 153, 144, 159, 123, 121, 133, 136, 151, 113, 150, 110, 123, 157, 145, 156, 149, 156, 146, 127, 129, 128, 125, 108, 149, 138, 131, 104, 147, 113, 117, 117, 178]
2019-04-21 12:51:13,842 [INFO] leaf-node-counts = [118, 112, 144, 136, 142, 105, 149, 160, 127, 138, 152, 159, 124, 134, 118, 149, 120, 157, 147, 140, 127, 111, 133, 116, 135, 124, 132, 124, 127, 150, 120, 126, 111, 119, 141, 104, 161, 118, 161, 174, 107, 126, 141, 140, 161, 140, 143, 140, 145, 126, 152, 157, 142, 131, 143, 144, 128, 123, 157, 158, 126, 145, 146, 124, 153, 129, 165, 106, 131, 147, 167, 139, 154, 146, 114, 157, 140, 122, 134, 130, 160, 127, 136, 149, 151, 142, 121, 131, 138, 179, 126, 133, 118, 162, 130, 157, 137, 131, 124, 152, 180, 138, 191, 142, 138, 130, 94, 147, 165, 148, 118, 140, 146, 143, 121, 142, 138, 126, 173, 195, 134, 174, 124, 132, 150, 146, 142, 138, 164, 113, 129, 170, 156, 153, 151, 124, 146, 135, 132, 130, 117, 130, 120, 152, 122, 110, 119, 122, 150, 139, 121, 140, 119, 124, 171, 126, 138, 160, 125, 154, 168, 167, 134, 134, 163, 105, 126, 151, 120, 112, 150, 138, 178, 134, 143, 126, 118, 129, 114, 146, 112, 126, 155, 162, 117, 154, 128, 138, 141, 151, 162, 123, 141, 129, 135, 137, 145, 159, 143, 150, 180, 161, 140, 168, 173, 152, 154, 127, 137, 113, 146, 126, 139, 176, 127, 145, 109, 137, 164, 126, 108, 119, 127, 110, 164, 130, 108, 139, 143, 151, 157, 131, 168, 132, 155, 133, 163, 145, 135, 105, 130, 153, 111, 129, 103, 139, 154, 150, 165, 127, 159, 108, 150, 141, 139, 132, 135, 129, 126, 136, 138, 153, 140, 157, 156, 123, 143, 117, 153, 144, 159, 123, 121, 133, 136, 151, 113, 150, 110, 123, 157, 145, 156, 149, 156, 146, 127, 129, 128, 125, 108, 149, 138, 131, 104, 147, 113, 117, 117, 178]
2019-04-21 12:51:13,842 [INFO] eval
2019-04-21 12:51:14,155 [INFO] eval-acc=0.962
2019-04-21 12:51:14,476 [INFO] k=1 eval-acc=0.962
2019-04-21 12:51:14,476 [INFO] k=2 eval-acc=0.975
2019-04-21 12:51:14,476 [INFO] k=3 eval-acc=0.983
2019-04-21 12:51:14,477 [INFO] k=4 eval-acc=0.987
2019-04-21 12:51:14,477 [INFO] k=5 eval-acc=0.991
2019-04-21 12:51:14,477 [INFO] k=6 eval-acc=0.991
2019-04-21 12:51:14,477 [INFO] k=7 eval-acc=0.991
2019-04-21 12:51:14,477 [INFO] k=8 eval-acc=0.994
2019-04-21 12:51:14,477 [INFO] k=9 eval-acc=0.994
2019-04-21 12:51:14,477 [INFO] k=10 eval-acc=0.994
2019-04-21 12:51:14,477 [INFO] fold 8
2019-04-21 12:51:14,480 [INFO] train
2019-04-21 12:51:23,992 [INFO] depths = [131, 143, 145, 123, 149, 138, 135, 116, 140, 123, 146, 158, 148, 140, 157, 130, 147, 106, 128, 145, 140, 115, 141, 115, 123, 130, 147, 160, 113, 141, 130, 114, 152, 151, 125, 132, 132, 110, 148, 177, 177, 148, 139, 129, 133, 125, 111, 149, 115, 114, 120, 135, 139, 158, 118, 137, 169, 164, 159, 171, 86, 134, 143, 136, 160, 134, 164, 118, 129, 135, 150, 140, 143, 105, 101, 142, 132, 158, 112, 125, 131, 123, 124, 128, 113, 114, 114, 139, 156, 144, 104, 141, 152, 156, 120, 132, 147, 160, 144, 163, 136, 111, 129, 142, 133, 110, 106, 132, 155, 145, 99, 139, 173, 131, 118, 134, 151, 179, 147, 134, 139, 128, 151, 125, 145, 124, 161, 127, 149, 142, 173, 135, 130, 146, 97, 130, 155, 153, 156, 128, 170, 147, 118, 129, 149, 130, 152, 142, 120, 133, 120, 139, 121, 158, 183, 131, 143, 115, 147, 141, 152, 112, 95, 171, 142, 130, 158, 138, 132, 177, 144, 134, 168, 135, 124, 197, 99, 147, 129, 128, 137, 138, 147, 172, 154, 156, 101, 136, 122, 131, 119, 143, 129, 126, 147, 158, 102, 120, 145, 150, 125, 175, 139, 130, 145, 138, 109, 130, 130, 151, 117, 124, 118, 133, 144, 138, 143, 112, 158, 154, 110, 105, 162, 104, 161, 138, 144, 163, 148, 156, 148, 158, 146, 161, 133, 137, 133, 115, 178, 109, 138, 175, 152, 131, 120, 118, 125, 134, 145, 101, 153, 101, 119, 135, 98, 105, 123, 136, 137, 144, 140, 147, 151, 135, 153, 119, 118, 125, 158, 148, 138, 136, 128, 156, 133, 124, 139, 149, 135, 151, 143, 137, 165, 150, 96, 154, 149, 142, 125, 137, 116, 112, 145, 111, 125, 112, 158, 150, 165, 131]
2019-04-21 12:51:24,705 [INFO] leaf-node-counts = [131, 143, 145, 123, 149, 138, 135, 116, 140, 123, 146, 158, 148, 140, 157, 130, 147, 106, 128, 145, 140, 115, 141, 115, 123, 130, 147, 160, 113, 141, 130, 114, 152, 151, 125, 132, 132, 110, 148, 177, 177, 148, 139, 129, 133, 125, 111, 149, 115, 114, 120, 135, 139, 158, 118, 137, 169, 164, 159, 171, 86, 134, 143, 136, 160, 134, 164, 118, 129, 135, 150, 140, 143, 105, 101, 142, 132, 158, 112, 125, 131, 123, 124, 128, 113, 114, 114, 139, 156, 144, 104, 141, 152, 156, 120, 132, 147, 160, 144, 163, 136, 111, 129, 142, 133, 110, 106, 132, 155, 145, 99, 139, 173, 131, 118, 134, 151, 179, 147, 134, 139, 128, 151, 125, 145, 124, 161, 127, 149, 142, 173, 135, 130, 146, 97, 130, 155, 153, 156, 128, 170, 147, 118, 129, 149, 130, 152, 142, 120, 133, 120, 139, 121, 158, 183, 131, 143, 115, 147, 141, 152, 112, 95, 171, 142, 130, 158, 138, 132, 177, 144, 134, 168, 135, 124, 197, 99, 147, 129, 128, 137, 138, 147, 172, 154, 156, 101, 136, 122, 131, 119, 143, 129, 126, 147, 158, 102, 120, 145, 150, 125, 175, 139, 130, 145, 138, 109, 130, 130, 151, 117, 124, 118, 133, 144, 138, 143, 112, 158, 154, 110, 105, 162, 104, 161, 138, 144, 163, 148, 156, 148, 158, 146, 161, 133, 137, 133, 115, 178, 109, 138, 175, 152, 131, 120, 118, 125, 134, 145, 101, 153, 101, 119, 135, 98, 105, 123, 136, 137, 144, 140, 147, 151, 135, 153, 119, 118, 125, 158, 148, 138, 136, 128, 156, 133, 124, 139, 149, 135, 151, 143, 137, 165, 150, 96, 154, 149, 142, 125, 137, 116, 112, 145, 111, 125, 112, 158, 150, 165, 131]
2019-04-21 12:51:24,706 [INFO] eval
2019-04-21 12:51:25,017 [INFO] eval-acc=0.940
2019-04-21 12:51:25,335 [INFO] k=1 eval-acc=0.942
2019-04-21 12:51:25,336 [INFO] k=2 eval-acc=0.965
2019-04-21 12:51:25,336 [INFO] k=3 eval-acc=0.975
2019-04-21 12:51:25,336 [INFO] k=4 eval-acc=0.983
2019-04-21 12:51:25,336 [INFO] k=5 eval-acc=0.986
2019-04-21 12:51:25,336 [INFO] k=6 eval-acc=0.991
2019-04-21 12:51:25,336 [INFO] k=7 eval-acc=0.992
2019-04-21 12:51:25,336 [INFO] k=8 eval-acc=0.994
2019-04-21 12:51:25,336 [INFO] k=9 eval-acc=0.994
2019-04-21 12:51:25,336 [INFO] k=10 eval-acc=0.994
2019-04-21 12:51:25,900 [INFO] acc-mean=0.952 acc-std=0.009 acc-max=0.967
2019-04-21 12:51:25,900 [INFO] k=1 acc-mean=0.952
2019-04-21 12:51:25,901 [INFO] k=2 acc-mean=0.970
2019-04-21 12:51:25,901 [INFO] k=3 acc-mean=0.978
2019-04-21 12:51:25,901 [INFO] k=4 acc-mean=0.983
2019-04-21 12:51:25,901 [INFO] k=5 acc-mean=0.987
2019-04-21 12:51:25,901 [INFO] k=6 acc-mean=0.990
2019-04-21 12:51:25,901 [INFO] k=7 acc-mean=0.990
2019-04-21 12:51:25,901 [INFO] k=8 acc-mean=0.992
2019-04-21 12:51:25,901 [INFO] k=9 acc-mean=0.992
2019-04-21 12:51:25,901 [INFO] k=10 acc-mean=0.994
{"metadata": {"n_classes": 636}, "metrics": {"acc_k": {"1": 0.9523060796645701, "2": 0.9697763801537386, "3": 0.9778127183787562, "4": 0.9832285115303984, "5": 0.9867225716282318, "6": 0.9895178197064989, "7": 0.9903913347309573, "8": 0.991614255765199, "9": 0.992313067784766, "10": 0.9935359888190077}, "acc_max": 0.9669811320754716, "acc_mean": 0.9524807826694618, "acc_std": 0.009456581832791295}, "options": {"cutoff": 9, "exact": false, "json_result": true, "max_classes": null, "max_depth": null, "max_features": 2500, "max_leaf_nodes_scale": null, "n_estimators": 300, "n_jobs": -1, "name": null, "path_c": null, "path_cpp": null, "path_py": "/Users/adrozdov/Downloads/gcj-py-2014.jsonl", "preset_c": "none", "preset_cpp": "none", "preset_py": "none", "seed": 1965169, "show_progress": false, "verbose": false}}
