begin
/home/dexter/anaconda2/envs/diora/lib/python3.6/site-packages/sklearn/ensemble/weight_boosting.py:29: DeprecationWarning: numpy.core.umath_tests is an internal NumPy module and should not be imported. It will be removed in a future NumPy release.
  from numpy.core.umath_tests import inner1d
2019-04-20 19:02:06,934 [INFO] start
2019-04-20 19:03:09,547 [INFO] balancing data
2019-04-20 19:03:13,859 [INFO] found 5763 eligible classes
2019-04-20 19:03:13,859 [INFO] downsampled to 50 classes
2019-04-20 19:03:13,867 [INFO] joining strings
2019-04-20 19:03:13,870 [INFO] tfidf data
2019-04-20 19:03:13,925 [INFO] language-counter=Counter({'python': 450})
2019-04-20 19:03:13,925 [INFO] fold 0
2019-04-20 19:03:13,933 [INFO] train
2019-04-20 19:03:13,933 [INFO] n-classes=50
2019-04-20 19:03:14,119 [INFO] depths = [40, 38, 35, 32, 37, 39, 44, 35, 35, 46, 28, 39, 26, 41, 40, 51, 35, 49, 37, 39, 39, 40, 40, 39, 42, 25, 31, 34, 25, 50, 36, 40, 38, 35, 32, 32, 28, 24, 30, 28, 42, 37, 43, 31, 46, 27, 36, 37, 34, 30, 36, 38, 40, 47, 40, 32, 47, 47, 26, 36, 48, 24, 27, 56, 45, 30, 39, 34, 27, 41, 40, 47, 29, 29, 41, 33, 32, 33, 26, 32, 40, 29, 43, 30, 39, 34, 30, 37, 34, 27, 46, 36, 48, 37, 41, 34, 41, 41, 27, 36]
2019-04-20 19:03:14,148 [INFO] leaf-node-counts = [40, 38, 35, 32, 37, 39, 44, 35, 35, 46, 28, 39, 26, 41, 40, 51, 35, 49, 37, 39, 39, 40, 40, 39, 42, 25, 31, 34, 25, 50, 36, 40, 38, 35, 32, 32, 28, 24, 30, 28, 42, 37, 43, 31, 46, 27, 36, 37, 34, 30, 36, 38, 40, 47, 40, 32, 47, 47, 26, 36, 48, 24, 27, 56, 45, 30, 39, 34, 27, 41, 40, 47, 29, 29, 41, 33, 32, 33, 26, 32, 40, 29, 43, 30, 39, 34, 30, 37, 34, 27, 46, 36, 48, 37, 41, 34, 41, 41, 27, 36]
2019-04-20 19:03:14,148 [INFO] eval
2019-04-20 19:03:14,251 [INFO] eval-acc=0.920
2019-04-20 19:03:14,251 [INFO] fold 1
2019-04-20 19:03:14,253 [INFO] train
2019-04-20 19:03:14,254 [INFO] n-classes=50
2019-04-20 19:03:14,425 [INFO] depths = [40, 37, 38, 40, 41, 28, 38, 42, 37, 42, 35, 32, 29, 41, 36, 26, 49, 39, 37, 39, 45, 46, 28, 33, 36, 35, 36, 35, 47, 35, 28, 38, 40, 42, 40, 21, 33, 47, 29, 37, 53, 37, 27, 34, 44, 25, 26, 50, 48, 27, 38, 30, 35, 44, 39, 33, 41, 39, 31, 37, 35, 31, 32, 35, 43, 30, 40, 50, 31, 42, 30, 48, 53, 35, 42, 34, 47, 39, 32, 35, 26, 22, 40, 31, 38, 34, 38, 38, 37, 29, 32, 29, 32, 33, 37, 31, 38, 40, 36, 39]
2019-04-20 19:03:14,452 [INFO] leaf-node-counts = [40, 37, 38, 40, 41, 28, 38, 42, 37, 42, 35, 32, 29, 41, 36, 26, 49, 39, 37, 39, 45, 46, 28, 33, 36, 35, 36, 35, 47, 35, 28, 38, 40, 42, 40, 21, 33, 47, 29, 37, 53, 37, 27, 34, 44, 25, 26, 50, 48, 27, 38, 30, 35, 44, 39, 33, 41, 39, 31, 37, 35, 31, 32, 35, 43, 30, 40, 50, 31, 42, 30, 48, 53, 35, 42, 34, 47, 39, 32, 35, 26, 22, 40, 31, 38, 34, 38, 38, 37, 29, 32, 29, 32, 33, 37, 31, 38, 40, 36, 39]
2019-04-20 19:03:14,452 [INFO] eval
2019-04-20 19:03:14,555 [INFO] eval-acc=0.900
2019-04-20 19:03:14,555 [INFO] fold 2
2019-04-20 19:03:14,557 [INFO] train
2019-04-20 19:03:14,558 [INFO] n-classes=50
2019-04-20 19:03:14,838 [INFO] depths = [35, 38, 52, 33, 27, 37, 41, 28, 40, 27, 35, 34, 23, 26, 42, 27, 36, 41, 47, 33, 43, 41, 32, 34, 31, 27, 45, 37, 30, 25, 42, 34, 44, 26, 51, 41, 38, 28, 29, 41, 22, 36, 49, 33, 35, 37, 37, 37, 43, 39, 43, 35, 51, 39, 38, 31, 41, 35, 45, 31, 35, 36, 27, 41, 36, 30, 41, 34, 40, 40, 49, 32, 32, 48, 57, 37, 53, 29, 33, 34, 33, 37, 30, 37, 40, 38, 35, 46, 42, 28, 39, 34, 45, 37, 41, 39, 29, 39, 28, 42]
2019-04-20 19:03:14,868 [INFO] leaf-node-counts = [35, 38, 52, 33, 27, 37, 41, 28, 40, 27, 35, 34, 23, 26, 42, 27, 36, 41, 47, 33, 43, 41, 32, 34, 31, 27, 45, 37, 30, 25, 42, 34, 44, 26, 51, 41, 38, 28, 29, 41, 22, 36, 49, 33, 35, 37, 37, 37, 43, 39, 43, 35, 51, 39, 38, 31, 41, 35, 45, 31, 35, 36, 27, 41, 36, 30, 41, 34, 40, 40, 49, 32, 32, 48, 57, 37, 53, 29, 33, 34, 33, 37, 30, 37, 40, 38, 35, 46, 42, 28, 39, 34, 45, 37, 41, 39, 29, 39, 28, 42]
2019-04-20 19:03:14,868 [INFO] eval
2019-04-20 19:03:14,972 [INFO] eval-acc=0.900
2019-04-20 19:03:14,972 [INFO] fold 3
2019-04-20 19:03:14,974 [INFO] train
2019-04-20 19:03:14,975 [INFO] n-classes=50
2019-04-20 19:03:15,254 [INFO] depths = [41, 38, 33, 37, 31, 34, 36, 35, 38, 37, 38, 31, 35, 49, 51, 33, 33, 33, 30, 41, 42, 29, 32, 30, 32, 33, 39, 35, 39, 28, 45, 28, 25, 45, 36, 31, 43, 32, 25, 41, 33, 35, 44, 38, 25, 42, 31, 36, 48, 36, 32, 42, 40, 46, 39, 38, 38, 48, 29, 30, 37, 26, 28, 30, 32, 41, 36, 39, 34, 50, 37, 42, 37, 34, 35, 28, 38, 39, 37, 40, 43, 35, 30, 24, 47, 28, 33, 39, 33, 35, 29, 28, 38, 57, 31, 47, 38, 47, 49, 32]
2019-04-20 19:03:15,285 [INFO] leaf-node-counts = [41, 38, 33, 37, 31, 34, 36, 35, 38, 37, 38, 31, 35, 49, 51, 33, 33, 33, 30, 41, 42, 29, 32, 30, 32, 33, 39, 35, 39, 28, 45, 28, 25, 45, 36, 31, 43, 32, 25, 41, 33, 35, 44, 38, 25, 42, 31, 36, 48, 36, 32, 42, 40, 46, 39, 38, 38, 48, 29, 30, 37, 26, 28, 30, 32, 41, 36, 39, 34, 50, 37, 42, 37, 34, 35, 28, 38, 39, 37, 40, 43, 35, 30, 24, 47, 28, 33, 39, 33, 35, 29, 28, 38, 57, 31, 47, 38, 47, 49, 32]
2019-04-20 19:03:15,285 [INFO] eval
2019-04-20 19:03:15,389 [INFO] eval-acc=0.940
2019-04-20 19:03:15,389 [INFO] fold 4
2019-04-20 19:03:15,391 [INFO] train
2019-04-20 19:03:15,391 [INFO] n-classes=50
2019-04-20 19:03:15,672 [INFO] depths = [45, 40, 45, 34, 38, 37, 34, 48, 38, 43, 36, 30, 40, 23, 28, 33, 33, 35, 29, 37, 36, 34, 31, 38, 55, 35, 51, 56, 31, 28, 39, 45, 33, 41, 41, 40, 34, 36, 36, 40, 36, 42, 25, 36, 37, 35, 38, 39, 35, 37, 35, 39, 40, 47, 33, 39, 28, 57, 26, 29, 42, 28, 45, 47, 40, 38, 44, 29, 44, 52, 42, 26, 32, 36, 35, 31, 28, 24, 24, 35, 32, 35, 35, 32, 48, 43, 31, 33, 42, 28, 29, 33, 51, 45, 35, 48, 35, 31, 37, 46]
2019-04-20 19:03:15,702 [INFO] leaf-node-counts = [45, 40, 45, 34, 38, 37, 34, 48, 38, 43, 36, 30, 40, 23, 28, 33, 33, 35, 29, 37, 36, 34, 31, 38, 55, 35, 51, 56, 31, 28, 39, 45, 33, 41, 41, 40, 34, 36, 36, 40, 36, 42, 25, 36, 37, 35, 38, 39, 35, 37, 35, 39, 40, 47, 33, 39, 28, 57, 26, 29, 42, 28, 45, 47, 40, 38, 44, 29, 44, 52, 42, 26, 32, 36, 35, 31, 28, 24, 24, 35, 32, 35, 35, 32, 48, 43, 31, 33, 42, 28, 29, 33, 51, 45, 35, 48, 35, 31, 37, 46]
2019-04-20 19:03:15,702 [INFO] eval
2019-04-20 19:03:15,806 [INFO] eval-acc=0.980
2019-04-20 19:03:15,806 [INFO] fold 5
2019-04-20 19:03:15,808 [INFO] train
2019-04-20 19:03:15,808 [INFO] n-classes=50
2019-04-20 19:03:16,089 [INFO] depths = [36, 37, 28, 40, 33, 37, 30, 38, 60, 49, 30, 27, 30, 35, 36, 38, 34, 30, 38, 48, 36, 35, 34, 26, 47, 36, 38, 35, 33, 25, 38, 29, 37, 39, 38, 46, 34, 33, 34, 31, 31, 29, 42, 44, 36, 34, 29, 34, 40, 25, 38, 37, 55, 36, 50, 42, 37, 50, 49, 52, 34, 33, 29, 34, 32, 39, 41, 27, 44, 32, 48, 46, 46, 32, 34, 36, 32, 31, 43, 42, 33, 39, 48, 36, 31, 43, 25, 44, 37, 32, 40, 37, 36, 31, 34, 29, 35, 50, 39, 33]
2019-04-20 19:03:16,122 [INFO] leaf-node-counts = [36, 37, 28, 40, 33, 37, 30, 38, 60, 49, 30, 27, 30, 35, 36, 38, 34, 30, 38, 48, 36, 35, 34, 26, 47, 36, 38, 35, 33, 25, 38, 29, 37, 39, 38, 46, 34, 33, 34, 31, 31, 29, 42, 44, 36, 34, 29, 34, 40, 25, 38, 37, 55, 36, 50, 42, 37, 50, 49, 52, 34, 33, 29, 34, 32, 39, 41, 27, 44, 32, 48, 46, 46, 32, 34, 36, 32, 31, 43, 42, 33, 39, 48, 36, 31, 43, 25, 44, 37, 32, 40, 37, 36, 31, 34, 29, 35, 50, 39, 33]
2019-04-20 19:03:16,122 [INFO] eval
2019-04-20 19:03:16,226 [INFO] eval-acc=0.940
2019-04-20 19:03:16,226 [INFO] fold 6
2019-04-20 19:03:16,228 [INFO] train
2019-04-20 19:03:16,228 [INFO] n-classes=50
2019-04-20 19:03:16,507 [INFO] depths = [30, 29, 38, 37, 39, 30, 35, 35, 35, 27, 34, 25, 34, 33, 28, 29, 32, 33, 30, 45, 40, 41, 36, 26, 41, 30, 38, 32, 43, 28, 47, 35, 36, 43, 36, 33, 34, 23, 43, 40, 35, 28, 42, 37, 39, 43, 49, 24, 36, 35, 43, 22, 37, 32, 33, 48, 29, 36, 23, 40, 25, 42, 42, 30, 41, 45, 47, 39, 30, 46, 34, 35, 25, 36, 46, 29, 30, 43, 34, 32, 30, 38, 38, 34, 31, 33, 38, 33, 43, 40, 31, 36, 40, 29, 44, 34, 35, 38, 32, 34]
2019-04-20 19:03:16,538 [INFO] leaf-node-counts = [30, 29, 38, 37, 39, 30, 35, 35, 35, 27, 34, 25, 34, 33, 28, 29, 32, 33, 30, 45, 40, 41, 36, 26, 41, 30, 38, 32, 43, 28, 47, 35, 36, 43, 36, 33, 34, 23, 43, 40, 35, 28, 42, 37, 39, 43, 49, 24, 36, 35, 43, 22, 37, 32, 33, 48, 29, 36, 23, 40, 25, 42, 42, 30, 41, 45, 47, 39, 30, 46, 34, 35, 25, 36, 46, 29, 30, 43, 34, 32, 30, 38, 38, 34, 31, 33, 38, 33, 43, 40, 31, 36, 40, 29, 44, 34, 35, 38, 32, 34]
2019-04-20 19:03:16,538 [INFO] eval
2019-04-20 19:03:16,642 [INFO] eval-acc=0.980
2019-04-20 19:03:16,642 [INFO] fold 7
2019-04-20 19:03:16,643 [INFO] train
2019-04-20 19:03:16,644 [INFO] n-classes=50
2019-04-20 19:03:16,923 [INFO] depths = [25, 34, 41, 25, 34, 36, 33, 50, 55, 33, 30, 36, 34, 37, 40, 33, 33, 32, 32, 32, 43, 25, 38, 33, 42, 29, 35, 35, 29, 40, 42, 38, 35, 43, 35, 33, 25, 33, 41, 36, 31, 39, 42, 35, 47, 29, 27, 26, 33, 33, 35, 42, 39, 45, 31, 43, 42, 46, 27, 27, 39, 39, 32, 54, 31, 41, 46, 35, 46, 35, 27, 35, 35, 25, 45, 26, 37, 39, 40, 25, 33, 48, 43, 36, 41, 32, 34, 42, 32, 33, 35, 42, 31, 47, 55, 34, 45, 42, 27, 38]
2019-04-20 19:03:16,954 [INFO] leaf-node-counts = [25, 34, 41, 25, 34, 36, 33, 50, 55, 33, 30, 36, 34, 37, 40, 33, 33, 32, 32, 32, 43, 25, 38, 33, 42, 29, 35, 35, 29, 40, 42, 38, 35, 43, 35, 33, 25, 33, 41, 36, 31, 39, 42, 35, 47, 29, 27, 26, 33, 33, 35, 42, 39, 45, 31, 43, 42, 46, 27, 27, 39, 39, 32, 54, 31, 41, 46, 35, 46, 35, 27, 35, 35, 25, 45, 26, 37, 39, 40, 25, 33, 48, 43, 36, 41, 32, 34, 42, 32, 33, 35, 42, 31, 47, 55, 34, 45, 42, 27, 38]
2019-04-20 19:03:16,954 [INFO] eval
2019-04-20 19:03:17,057 [INFO] eval-acc=0.980
2019-04-20 19:03:17,057 [INFO] fold 8
2019-04-20 19:03:17,059 [INFO] train
2019-04-20 19:03:17,060 [INFO] n-classes=50
2019-04-20 19:03:17,340 [INFO] depths = [29, 27, 35, 25, 36, 41, 34, 40, 44, 32, 40, 33, 39, 33, 36, 27, 37, 33, 31, 45, 46, 34, 51, 49, 21, 25, 43, 41, 37, 32, 39, 39, 33, 54, 30, 27, 33, 25, 43, 41, 26, 33, 28, 44, 38, 32, 28, 26, 43, 32, 30, 41, 40, 37, 42, 29, 33, 45, 32, 35, 41, 48, 38, 29, 34, 35, 43, 40, 43, 40, 28, 39, 44, 31, 24, 24, 40, 38, 24, 42, 34, 33, 36, 40, 51, 41, 29, 35, 29, 28, 37, 35, 31, 37, 34, 37, 39, 29, 45, 33]
2019-04-20 19:03:17,370 [INFO] leaf-node-counts = [29, 27, 35, 25, 36, 41, 34, 40, 44, 32, 40, 33, 39, 33, 36, 27, 37, 33, 31, 45, 46, 34, 51, 49, 21, 25, 43, 41, 37, 32, 39, 39, 33, 54, 30, 27, 33, 25, 43, 41, 26, 33, 28, 44, 38, 32, 28, 26, 43, 32, 30, 41, 40, 37, 42, 29, 33, 45, 32, 35, 41, 48, 38, 29, 34, 35, 43, 40, 43, 40, 28, 39, 44, 31, 24, 24, 40, 38, 24, 42, 34, 33, 36, 40, 51, 41, 29, 35, 29, 28, 37, 35, 31, 37, 34, 37, 39, 29, 45, 33]
2019-04-20 19:03:17,370 [INFO] eval
2019-04-20 19:03:17,475 [INFO] eval-acc=0.920
2019-04-20 19:03:17,476 [INFO] acc-mean=0.940 acc-std=0.031 acc-max=0.980
{"metrics": {"acc_max": 0.98, "acc_mean": 0.9400000000000001, "acc_std": 0.031269438398822846}, "options": {"cutoff": 9, "json_result": true, "max_classes": 50, "max_depth": null, "max_features": null, "max_leaf_nodes_scale": null, "n_estimators": 100, "n_jobs": -1, "name": null, "path_c": null, "path_cpp": null, "path_py": "/home/dexter/Downloads/gcj-py-all.jsonl", "preset_c": "none", "preset_cpp": "none", "preset_py": "none", "seed": 197979, "show_progress": false, "verbose": false}}
/home/dexter/anaconda2/envs/diora/lib/python3.6/site-packages/sklearn/ensemble/weight_boosting.py:29: DeprecationWarning: numpy.core.umath_tests is an internal NumPy module and should not be imported. It will be removed in a future NumPy release.
  from numpy.core.umath_tests import inner1d
2019-04-20 19:03:40,526 [INFO] start
2019-04-20 19:04:44,932 [INFO] balancing data
2019-04-20 19:04:49,253 [INFO] found 5763 eligible classes
2019-04-20 19:04:49,254 [INFO] downsampled to 100 classes
2019-04-20 19:04:49,262 [INFO] joining strings
2019-04-20 19:04:49,268 [INFO] tfidf data
2019-04-20 19:04:49,391 [INFO] language-counter=Counter({'python': 900})
2019-04-20 19:04:49,391 [INFO] fold 0
2019-04-20 19:04:49,407 [INFO] train
2019-04-20 19:04:49,407 [INFO] n-classes=100
2019-04-20 19:04:49,672 [INFO] depths = [80, 71, 53, 54, 60, 46, 55, 68, 54, 74, 94, 79, 60, 53, 68, 60, 62, 77, 58, 75, 70, 58, 54, 52, 47, 65, 62, 47, 70, 61, 64, 64, 57, 68, 63, 61, 43, 55, 51, 65, 57, 73, 44, 43, 57, 45, 64, 40, 77, 56, 54, 78, 52, 62, 63, 53, 60, 52, 65, 39, 63, 76, 56, 41, 94, 70, 57, 62, 69, 69, 78, 86, 48, 43, 56, 57, 66, 62, 69, 49, 63, 54, 59, 49, 69, 64, 64, 62, 58, 64, 51, 79, 75, 54, 72, 50, 67, 57, 53, 71]
2019-04-20 19:04:49,728 [INFO] leaf-node-counts = [80, 71, 53, 54, 60, 46, 55, 68, 54, 74, 94, 79, 60, 53, 68, 60, 62, 77, 58, 75, 70, 58, 54, 52, 47, 65, 62, 47, 70, 61, 64, 64, 57, 68, 63, 61, 43, 55, 51, 65, 57, 73, 44, 43, 57, 45, 64, 40, 77, 56, 54, 78, 52, 62, 63, 53, 60, 52, 65, 39, 63, 76, 56, 41, 94, 70, 57, 62, 69, 69, 78, 86, 48, 43, 56, 57, 66, 62, 69, 49, 63, 54, 59, 49, 69, 64, 64, 62, 58, 64, 51, 79, 75, 54, 72, 50, 67, 57, 53, 71]
2019-04-20 19:04:49,728 [INFO] eval
2019-04-20 19:04:49,831 [INFO] eval-acc=0.890
2019-04-20 19:04:49,831 [INFO] fold 1
2019-04-20 19:04:49,833 [INFO] train
2019-04-20 19:04:49,833 [INFO] n-classes=100
2019-04-20 19:04:50,104 [INFO] depths = [67, 76, 88, 67, 58, 70, 67, 86, 52, 60, 63, 63, 52, 83, 60, 55, 79, 52, 65, 52, 56, 64, 72, 52, 65, 54, 62, 63, 54, 68, 55, 56, 87, 62, 69, 55, 70, 68, 49, 42, 69, 53, 60, 69, 61, 59, 77, 56, 47, 61, 60, 71, 84, 61, 80, 74, 69, 59, 44, 52, 74, 65, 57, 55, 46, 49, 83, 64, 70, 90, 73, 82, 58, 66, 76, 67, 51, 63, 43, 52, 59, 62, 91, 62, 70, 57, 74, 55, 88, 74, 78, 53, 58, 65, 82, 46, 68, 70, 71, 63]
2019-04-20 19:04:50,158 [INFO] leaf-node-counts = [67, 76, 88, 67, 58, 70, 67, 86, 52, 60, 63, 63, 52, 83, 60, 55, 79, 52, 65, 52, 56, 64, 72, 52, 65, 54, 62, 63, 54, 68, 55, 56, 87, 62, 69, 55, 70, 68, 49, 42, 69, 53, 60, 69, 61, 59, 77, 56, 47, 61, 60, 71, 84, 61, 80, 74, 69, 59, 44, 52, 74, 65, 57, 55, 46, 49, 83, 64, 70, 90, 73, 82, 58, 66, 76, 67, 51, 63, 43, 52, 59, 62, 91, 62, 70, 57, 74, 55, 88, 74, 78, 53, 58, 65, 82, 46, 68, 70, 71, 63]
2019-04-20 19:04:50,158 [INFO] eval
2019-04-20 19:04:50,261 [INFO] eval-acc=0.880
2019-04-20 19:04:50,261 [INFO] fold 2
2019-04-20 19:04:50,264 [INFO] train
2019-04-20 19:04:50,264 [INFO] n-classes=100
2019-04-20 19:04:50,541 [INFO] depths = [69, 82, 56, 46, 54, 42, 66, 57, 52, 62, 89, 63, 73, 45, 72, 72, 54, 53, 48, 59, 59, 43, 100, 52, 51, 46, 76, 46, 59, 75, 62, 61, 57, 54, 66, 55, 72, 61, 65, 50, 73, 59, 54, 56, 54, 72, 76, 78, 52, 47, 49, 67, 53, 51, 56, 62, 48, 62, 58, 52, 71, 56, 48, 42, 60, 63, 78, 97, 66, 84, 58, 62, 45, 41, 54, 63, 57, 87, 70, 78, 43, 55, 66, 44, 46, 56, 60, 65, 55, 91, 74, 46, 71, 68, 71, 59, 68, 42, 50, 76]
2019-04-20 19:04:50,599 [INFO] leaf-node-counts = [69, 82, 56, 46, 54, 42, 66, 57, 52, 62, 89, 63, 73, 45, 72, 72, 54, 53, 48, 59, 59, 43, 100, 52, 51, 46, 76, 46, 59, 75, 62, 61, 57, 54, 66, 55, 72, 61, 65, 50, 73, 59, 54, 56, 54, 72, 76, 78, 52, 47, 49, 67, 53, 51, 56, 62, 48, 62, 58, 52, 71, 56, 48, 42, 60, 63, 78, 97, 66, 84, 58, 62, 45, 41, 54, 63, 57, 87, 70, 78, 43, 55, 66, 44, 46, 56, 60, 65, 55, 91, 74, 46, 71, 68, 71, 59, 68, 42, 50, 76]
2019-04-20 19:04:50,599 [INFO] eval
2019-04-20 19:04:50,702 [INFO] eval-acc=0.920
2019-04-20 19:04:50,703 [INFO] fold 3
2019-04-20 19:04:50,706 [INFO] train
2019-04-20 19:04:50,706 [INFO] n-classes=100
2019-04-20 19:04:50,988 [INFO] depths = [66, 79, 51, 61, 60, 54, 61, 75, 55, 51, 73, 56, 53, 67, 64, 55, 61, 52, 67, 44, 61, 57, 64, 77, 70, 62, 68, 59, 74, 47, 65, 75, 69, 77, 52, 55, 56, 59, 69, 59, 50, 63, 65, 43, 61, 60, 68, 68, 70, 54, 72, 72, 53, 49, 52, 57, 62, 62, 55, 55, 68, 79, 79, 44, 76, 73, 72, 55, 57, 73, 55, 69, 56, 47, 63, 62, 66, 66, 63, 68, 50, 62, 53, 70, 53, 72, 71, 72, 93, 70, 52, 70, 75, 64, 82, 59, 48, 64, 68, 48]
2019-04-20 19:04:51,047 [INFO] leaf-node-counts = [66, 79, 51, 61, 60, 54, 61, 75, 55, 51, 73, 56, 53, 67, 64, 55, 61, 52, 67, 44, 61, 57, 64, 77, 70, 62, 68, 59, 74, 47, 65, 75, 69, 77, 52, 55, 56, 59, 69, 59, 50, 63, 65, 43, 61, 60, 68, 68, 70, 54, 72, 72, 53, 49, 52, 57, 62, 62, 55, 55, 68, 79, 79, 44, 76, 73, 72, 55, 57, 73, 55, 69, 56, 47, 63, 62, 66, 66, 63, 68, 50, 62, 53, 70, 53, 72, 71, 72, 93, 70, 52, 70, 75, 64, 82, 59, 48, 64, 68, 48]
2019-04-20 19:04:51,047 [INFO] eval
2019-04-20 19:04:51,150 [INFO] eval-acc=0.900
2019-04-20 19:04:51,150 [INFO] fold 4
2019-04-20 19:04:51,153 [INFO] train
2019-04-20 19:04:51,153 [INFO] n-classes=100
2019-04-20 19:04:51,435 [INFO] depths = [70, 62, 66, 45, 58, 60, 48, 76, 57, 85, 70, 52, 72, 59, 46, 71, 54, 56, 48, 52, 67, 72, 51, 65, 55, 58, 57, 49, 66, 55, 46, 74, 70, 70, 61, 65, 52, 67, 54, 54, 75, 57, 77, 46, 49, 67, 61, 81, 81, 70, 59, 69, 46, 59, 62, 60, 75, 68, 47, 65, 50, 56, 84, 61, 55, 65, 61, 77, 62, 61, 66, 74, 54, 104, 63, 62, 64, 68, 53, 55, 60, 62, 70, 45, 37, 70, 42, 60, 72, 69, 76, 68, 61, 56, 106, 62, 76, 67, 65, 76]
2019-04-20 19:04:51,496 [INFO] leaf-node-counts = [70, 62, 66, 45, 58, 60, 48, 76, 57, 85, 70, 52, 72, 59, 46, 71, 54, 56, 48, 52, 67, 72, 51, 65, 55, 58, 57, 49, 66, 55, 46, 74, 70, 70, 61, 65, 52, 67, 54, 54, 75, 57, 77, 46, 49, 67, 61, 81, 81, 70, 59, 69, 46, 59, 62, 60, 75, 68, 47, 65, 50, 56, 84, 61, 55, 65, 61, 77, 62, 61, 66, 74, 54, 104, 63, 62, 64, 68, 53, 55, 60, 62, 70, 45, 37, 70, 42, 60, 72, 69, 76, 68, 61, 56, 106, 62, 76, 67, 65, 76]
2019-04-20 19:04:51,496 [INFO] eval
2019-04-20 19:04:51,599 [INFO] eval-acc=0.900
2019-04-20 19:04:51,600 [INFO] fold 5
2019-04-20 19:04:51,603 [INFO] train
2019-04-20 19:04:51,603 [INFO] n-classes=100
2019-04-20 19:04:51,886 [INFO] depths = [94, 60, 53, 67, 33, 69, 61, 69, 78, 48, 83, 49, 57, 50, 56, 64, 56, 62, 58, 56, 89, 66, 68, 68, 55, 66, 85, 55, 57, 60, 72, 72, 56, 64, 61, 40, 51, 72, 61, 109, 43, 74, 65, 57, 48, 72, 54, 56, 52, 65, 73, 63, 48, 68, 75, 52, 54, 50, 45, 45, 52, 88, 79, 77, 57, 69, 65, 63, 64, 92, 67, 42, 72, 46, 61, 80, 81, 55, 48, 61, 48, 53, 53, 74, 54, 50, 87, 90, 83, 66, 60, 58, 59, 76, 57, 63, 70, 61, 69, 51]
2019-04-20 19:04:51,945 [INFO] leaf-node-counts = [94, 60, 53, 67, 33, 69, 61, 69, 78, 48, 83, 49, 57, 50, 56, 64, 56, 62, 58, 56, 89, 66, 68, 68, 55, 66, 85, 55, 57, 60, 72, 72, 56, 64, 61, 40, 51, 72, 61, 109, 43, 74, 65, 57, 48, 72, 54, 56, 52, 65, 73, 63, 48, 68, 75, 52, 54, 50, 45, 45, 52, 88, 79, 77, 57, 69, 65, 63, 64, 92, 67, 42, 72, 46, 61, 80, 81, 55, 48, 61, 48, 53, 53, 74, 54, 50, 87, 90, 83, 66, 60, 58, 59, 76, 57, 63, 70, 61, 69, 51]
2019-04-20 19:04:51,945 [INFO] eval
2019-04-20 19:04:52,048 [INFO] eval-acc=0.890
2019-04-20 19:04:52,048 [INFO] fold 6
2019-04-20 19:04:52,051 [INFO] train
2019-04-20 19:04:52,052 [INFO] n-classes=100
2019-04-20 19:04:52,336 [INFO] depths = [88, 51, 62, 62, 49, 63, 70, 57, 76, 61, 84, 47, 51, 62, 61, 60, 57, 67, 83, 58, 67, 63, 50, 59, 53, 95, 88, 62, 54, 64, 69, 56, 81, 74, 63, 56, 51, 52, 57, 40, 59, 97, 54, 60, 58, 56, 42, 73, 87, 74, 73, 82, 54, 74, 78, 51, 80, 64, 72, 48, 60, 54, 55, 79, 43, 78, 56, 64, 75, 56, 58, 76, 54, 45, 48, 69, 72, 65, 39, 48, 43, 58, 56, 57, 47, 67, 80, 85, 56, 69, 54, 70, 58, 74, 66, 60, 77, 64, 70, 61]
2019-04-20 19:04:52,395 [INFO] leaf-node-counts = [88, 51, 62, 62, 49, 63, 70, 57, 76, 61, 84, 47, 51, 62, 61, 60, 57, 67, 83, 58, 67, 63, 50, 59, 53, 95, 88, 62, 54, 64, 69, 56, 81, 74, 63, 56, 51, 52, 57, 40, 59, 97, 54, 60, 58, 56, 42, 73, 87, 74, 73, 82, 54, 74, 78, 51, 80, 64, 72, 48, 60, 54, 55, 79, 43, 78, 56, 64, 75, 56, 58, 76, 54, 45, 48, 69, 72, 65, 39, 48, 43, 58, 56, 57, 47, 67, 80, 85, 56, 69, 54, 70, 58, 74, 66, 60, 77, 64, 70, 61]
2019-04-20 19:04:52,395 [INFO] eval
2019-04-20 19:04:52,499 [INFO] eval-acc=0.980
2019-04-20 19:04:52,499 [INFO] fold 7
2019-04-20 19:04:52,502 [INFO] train
2019-04-20 19:04:52,502 [INFO] n-classes=100
2019-04-20 19:04:52,785 [INFO] depths = [51, 45, 89, 59, 58, 57, 58, 81, 49, 74, 59, 61, 59, 56, 74, 55, 54, 47, 64, 55, 71, 42, 66, 55, 60, 61, 53, 44, 62, 60, 77, 63, 72, 61, 71, 74, 51, 84, 55, 40, 54, 54, 66, 69, 65, 67, 45, 74, 77, 59, 87, 65, 72, 65, 59, 56, 73, 68, 53, 108, 83, 50, 75, 66, 61, 77, 50, 71, 49, 81, 57, 72, 71, 57, 78, 65, 58, 70, 50, 64, 60, 63, 72, 60, 71, 50, 72, 76, 64, 65, 67, 54, 64, 63, 59, 61, 57, 59, 66, 65]
2019-04-20 19:04:52,844 [INFO] leaf-node-counts = [51, 45, 89, 59, 58, 57, 58, 81, 49, 74, 59, 61, 59, 56, 74, 55, 54, 47, 64, 55, 71, 42, 66, 55, 60, 61, 53, 44, 62, 60, 77, 63, 72, 61, 71, 74, 51, 84, 55, 40, 54, 54, 66, 69, 65, 67, 45, 74, 77, 59, 87, 65, 72, 65, 59, 56, 73, 68, 53, 108, 83, 50, 75, 66, 61, 77, 50, 71, 49, 81, 57, 72, 71, 57, 78, 65, 58, 70, 50, 64, 60, 63, 72, 60, 71, 50, 72, 76, 64, 65, 67, 54, 64, 63, 59, 61, 57, 59, 66, 65]
2019-04-20 19:04:52,844 [INFO] eval
2019-04-20 19:04:52,947 [INFO] eval-acc=0.950
2019-04-20 19:04:52,947 [INFO] fold 8
2019-04-20 19:04:52,950 [INFO] train
2019-04-20 19:04:52,951 [INFO] n-classes=100
2019-04-20 19:04:53,233 [INFO] depths = [91, 56, 46, 63, 53, 55, 93, 61, 76, 47, 93, 76, 67, 95, 53, 61, 65, 80, 63, 50, 75, 77, 49, 52, 80, 82, 91, 68, 50, 59, 79, 45, 102, 58, 50, 48, 76, 48, 44, 70, 65, 77, 63, 59, 68, 63, 50, 53, 62, 61, 56, 73, 77, 66, 53, 55, 86, 52, 55, 66, 63, 53, 47, 74, 66, 68, 77, 49, 59, 88, 46, 69, 63, 41, 53, 58, 51, 63, 37, 64, 53, 61, 67, 61, 56, 59, 78, 77, 55, 58, 67, 64, 55, 46, 71, 46, 73, 71, 51, 68]
2019-04-20 19:04:53,292 [INFO] leaf-node-counts = [91, 56, 46, 63, 53, 55, 93, 61, 76, 47, 93, 76, 67, 95, 53, 61, 65, 80, 63, 50, 75, 77, 49, 52, 80, 82, 91, 68, 50, 59, 79, 45, 102, 58, 50, 48, 76, 48, 44, 70, 65, 77, 63, 59, 68, 63, 50, 53, 62, 61, 56, 73, 77, 66, 53, 55, 86, 52, 55, 66, 63, 53, 47, 74, 66, 68, 77, 49, 59, 88, 46, 69, 63, 41, 53, 58, 51, 63, 37, 64, 53, 61, 67, 61, 56, 59, 78, 77, 55, 58, 67, 64, 55, 46, 71, 46, 73, 71, 51, 68]
2019-04-20 19:04:53,292 [INFO] eval
2019-04-20 19:04:53,396 [INFO] eval-acc=0.900
2019-04-20 19:04:53,401 [INFO] acc-mean=0.912 acc-std=0.031 acc-max=0.980
{"metrics": {"acc_max": 0.98, "acc_mean": 0.9122222222222222, "acc_std": 0.030832082056692446}, "options": {"cutoff": 9, "json_result": true, "max_classes": 100, "max_depth": null, "max_features": null, "max_leaf_nodes_scale": null, "n_estimators": 100, "n_jobs": -1, "name": null, "path_c": null, "path_cpp": null, "path_py": "/home/dexter/Downloads/gcj-py-all.jsonl", "preset_c": "none", "preset_cpp": "none", "preset_py": "none", "seed": 7533750, "show_progress": false, "verbose": false}}
/home/dexter/anaconda2/envs/diora/lib/python3.6/site-packages/sklearn/ensemble/weight_boosting.py:29: DeprecationWarning: numpy.core.umath_tests is an internal NumPy module and should not be imported. It will be removed in a future NumPy release.
  from numpy.core.umath_tests import inner1d
2019-04-20 19:05:16,417 [INFO] start
2019-04-20 19:06:19,613 [INFO] balancing data
2019-04-20 19:06:23,919 [INFO] found 5763 eligible classes
2019-04-20 19:06:23,919 [INFO] downsampled to 150 classes
2019-04-20 19:06:23,928 [INFO] joining strings
2019-04-20 19:06:23,936 [INFO] tfidf data
2019-04-20 19:06:24,091 [INFO] language-counter=Counter({'python': 1350})
2019-04-20 19:06:24,091 [INFO] fold 0
2019-04-20 19:06:24,116 [INFO] train
2019-04-20 19:06:24,116 [INFO] n-classes=150
2019-04-20 19:06:24,380 [INFO] depths = [97, 86, 86, 87, 97, 77, 59, 82, 82, 70, 64, 56, 75, 67, 69, 71, 85, 73, 83, 66, 61, 62, 87, 73, 86, 59, 79, 108, 69, 78, 83, 55, 77, 90, 67, 59, 69, 82, 73, 76, 80, 85, 56, 64, 74, 69, 83, 76, 77, 57, 85, 77, 67, 60, 89, 101, 63, 90, 70, 64, 111, 84, 92, 89, 81, 65, 65, 66, 81, 69, 52, 66, 74, 68, 53, 75, 79, 91, 63, 76, 85, 73, 76, 52, 70, 91, 65, 82, 96, 101, 78, 71, 60, 66, 73, 72, 65, 76, 53, 70]
2019-04-20 19:06:24,464 [INFO] leaf-node-counts = [97, 86, 86, 87, 97, 77, 59, 82, 82, 70, 64, 56, 75, 67, 69, 71, 85, 73, 83, 66, 61, 62, 87, 73, 86, 59, 79, 108, 69, 78, 83, 55, 77, 90, 67, 59, 69, 82, 73, 76, 80, 85, 56, 64, 74, 69, 83, 76, 77, 57, 85, 77, 67, 60, 89, 101, 63, 90, 70, 64, 111, 84, 92, 89, 81, 65, 65, 66, 81, 69, 52, 66, 74, 68, 53, 75, 79, 91, 63, 76, 85, 73, 76, 52, 70, 91, 65, 82, 96, 101, 78, 71, 60, 66, 73, 72, 65, 76, 53, 70]
2019-04-20 19:06:24,464 [INFO] eval
2019-04-20 19:06:24,568 [INFO] eval-acc=0.913
2019-04-20 19:06:24,568 [INFO] fold 1
2019-04-20 19:06:24,571 [INFO] train
2019-04-20 19:06:24,571 [INFO] n-classes=150
2019-04-20 19:06:24,945 [INFO] depths = [106, 104, 60, 108, 91, 98, 61, 64, 77, 76, 80, 74, 56, 78, 90, 67, 67, 78, 98, 64, 68, 86, 88, 76, 98, 68, 66, 56, 65, 99, 95, 85, 57, 61, 89, 68, 94, 54, 86, 68, 57, 88, 72, 70, 91, 78, 73, 73, 60, 71, 68, 89, 89, 74, 74, 62, 79, 77, 67, 83, 93, 88, 106, 55, 98, 88, 66, 111, 62, 79, 83, 73, 72, 85, 89, 50, 87, 75, 59, 71, 74, 85, 70, 83, 77, 82, 106, 80, 68, 88, 61, 86, 64, 90, 132, 84, 82, 115, 78, 88]
2019-04-20 19:06:25,032 [INFO] leaf-node-counts = [106, 104, 60, 108, 91, 98, 61, 64, 77, 76, 80, 74, 56, 78, 90, 67, 67, 78, 98, 64, 68, 86, 88, 76, 98, 68, 66, 56, 65, 99, 95, 85, 57, 61, 89, 68, 94, 54, 86, 68, 57, 88, 72, 70, 91, 78, 73, 73, 60, 71, 68, 89, 89, 74, 74, 62, 79, 77, 67, 83, 93, 88, 106, 55, 98, 88, 66, 111, 62, 79, 83, 73, 72, 85, 89, 50, 87, 75, 59, 71, 74, 85, 70, 83, 77, 82, 106, 80, 68, 88, 61, 86, 64, 90, 132, 84, 82, 115, 78, 88]
2019-04-20 19:06:25,032 [INFO] eval
2019-04-20 19:06:25,135 [INFO] eval-acc=0.907
2019-04-20 19:06:25,135 [INFO] fold 2
2019-04-20 19:06:25,138 [INFO] train
2019-04-20 19:06:25,139 [INFO] n-classes=150
2019-04-20 19:06:25,514 [INFO] depths = [66, 85, 84, 53, 86, 73, 88, 68, 80, 71, 63, 50, 64, 95, 86, 73, 67, 79, 87, 59, 73, 77, 67, 74, 78, 95, 103, 91, 78, 72, 75, 74, 75, 59, 55, 70, 89, 81, 82, 97, 64, 95, 80, 74, 77, 83, 112, 78, 89, 92, 97, 72, 70, 75, 87, 90, 83, 80, 78, 66, 99, 70, 78, 58, 66, 74, 78, 59, 74, 83, 65, 78, 66, 62, 78, 68, 70, 70, 69, 82, 85, 64, 78, 85, 92, 78, 74, 64, 64, 81, 70, 87, 64, 63, 87, 84, 70, 98, 79, 70]
2019-04-20 19:06:25,599 [INFO] leaf-node-counts = [66, 85, 84, 53, 86, 73, 88, 68, 80, 71, 63, 50, 64, 95, 86, 73, 67, 79, 87, 59, 73, 77, 67, 74, 78, 95, 103, 91, 78, 72, 75, 74, 75, 59, 55, 70, 89, 81, 82, 97, 64, 95, 80, 74, 77, 83, 112, 78, 89, 92, 97, 72, 70, 75, 87, 90, 83, 80, 78, 66, 99, 70, 78, 58, 66, 74, 78, 59, 74, 83, 65, 78, 66, 62, 78, 68, 70, 70, 69, 82, 85, 64, 78, 85, 92, 78, 74, 64, 64, 81, 70, 87, 64, 63, 87, 84, 70, 98, 79, 70]
2019-04-20 19:06:25,599 [INFO] eval
2019-04-20 19:06:25,704 [INFO] eval-acc=0.920
2019-04-20 19:06:25,704 [INFO] fold 3
2019-04-20 19:06:25,707 [INFO] train
2019-04-20 19:06:25,707 [INFO] n-classes=150
2019-04-20 19:06:26,083 [INFO] depths = [75, 80, 79, 81, 72, 115, 63, 112, 82, 56, 74, 51, 78, 78, 84, 81, 83, 98, 73, 90, 85, 60, 76, 67, 87, 88, 90, 85, 61, 67, 84, 93, 90, 81, 82, 60, 92, 93, 65, 75, 69, 59, 52, 72, 56, 98, 72, 82, 84, 74, 69, 75, 81, 56, 87, 82, 73, 94, 81, 71, 97, 121, 85, 88, 86, 85, 69, 68, 65, 88, 86, 79, 98, 71, 62, 68, 91, 77, 92, 84, 98, 60, 75, 70, 73, 66, 63, 84, 54, 79, 75, 83, 95, 76, 79, 82, 80, 78, 85, 67]
2019-04-20 19:06:26,170 [INFO] leaf-node-counts = [75, 80, 79, 81, 72, 115, 63, 112, 82, 56, 74, 51, 78, 78, 84, 81, 83, 98, 73, 90, 85, 60, 76, 67, 87, 88, 90, 85, 61, 67, 84, 93, 90, 81, 82, 60, 92, 93, 65, 75, 69, 59, 52, 72, 56, 98, 72, 82, 84, 74, 69, 75, 81, 56, 87, 82, 73, 94, 81, 71, 97, 121, 85, 88, 86, 85, 69, 68, 65, 88, 86, 79, 98, 71, 62, 68, 91, 77, 92, 84, 98, 60, 75, 70, 73, 66, 63, 84, 54, 79, 75, 83, 95, 76, 79, 82, 80, 78, 85, 67]
2019-04-20 19:06:26,170 [INFO] eval
2019-04-20 19:06:26,274 [INFO] eval-acc=0.887
2019-04-20 19:06:26,274 [INFO] fold 4
2019-04-20 19:06:26,277 [INFO] train
2019-04-20 19:06:26,277 [INFO] n-classes=150
2019-04-20 19:06:26,653 [INFO] depths = [75, 72, 92, 88, 70, 69, 78, 73, 76, 77, 68, 84, 57, 88, 58, 66, 101, 73, 66, 52, 85, 88, 69, 69, 80, 95, 77, 84, 93, 108, 68, 87, 74, 69, 72, 40, 90, 61, 72, 60, 72, 68, 83, 85, 59, 75, 87, 100, 102, 100, 81, 65, 75, 78, 73, 68, 94, 75, 73, 75, 97, 75, 64, 68, 85, 72, 77, 77, 76, 70, 77, 81, 73, 86, 64, 77, 107, 73, 68, 65, 76, 102, 59, 76, 100, 62, 77, 85, 59, 74, 60, 72, 64, 81, 72, 73, 89, 89, 61, 65]
2019-04-20 19:06:26,733 [INFO] leaf-node-counts = [75, 72, 92, 88, 70, 69, 78, 73, 76, 77, 68, 84, 57, 88, 58, 66, 101, 73, 66, 52, 85, 88, 69, 69, 80, 95, 77, 84, 93, 108, 68, 87, 74, 69, 72, 40, 90, 61, 72, 60, 72, 68, 83, 85, 59, 75, 87, 100, 102, 100, 81, 65, 75, 78, 73, 68, 94, 75, 73, 75, 97, 75, 64, 68, 85, 72, 77, 77, 76, 70, 77, 81, 73, 86, 64, 77, 107, 73, 68, 65, 76, 102, 59, 76, 100, 62, 77, 85, 59, 74, 60, 72, 64, 81, 72, 73, 89, 89, 61, 65]
2019-04-20 19:06:26,733 [INFO] eval
2019-04-20 19:06:26,837 [INFO] eval-acc=0.913
2019-04-20 19:06:26,837 [INFO] fold 5
2019-04-20 19:06:26,840 [INFO] train
2019-04-20 19:06:26,840 [INFO] n-classes=150
2019-04-20 19:06:27,218 [INFO] depths = [94, 97, 66, 80, 74, 93, 56, 90, 69, 58, 72, 57, 58, 97, 88, 70, 84, 72, 93, 67, 91, 80, 98, 78, 82, 80, 84, 64, 77, 100, 65, 80, 77, 70, 99, 69, 82, 68, 90, 75, 86, 84, 81, 75, 85, 90, 70, 92, 88, 72, 99, 63, 71, 70, 53, 75, 61, 81, 111, 65, 69, 99, 88, 67, 70, 77, 71, 83, 93, 108, 72, 80, 63, 91, 63, 86, 112, 99, 82, 73, 99, 53, 59, 101, 85, 82, 75, 92, 60, 83, 83, 93, 77, 70, 68, 77, 64, 81, 84, 86]
2019-04-20 19:06:27,302 [INFO] leaf-node-counts = [94, 97, 66, 80, 74, 93, 56, 90, 69, 58, 72, 57, 58, 97, 88, 70, 84, 72, 93, 67, 91, 80, 98, 78, 82, 80, 84, 64, 77, 100, 65, 80, 77, 70, 99, 69, 82, 68, 90, 75, 86, 84, 81, 75, 85, 90, 70, 92, 88, 72, 99, 63, 71, 70, 53, 75, 61, 81, 111, 65, 69, 99, 88, 67, 70, 77, 71, 83, 93, 108, 72, 80, 63, 91, 63, 86, 112, 99, 82, 73, 99, 53, 59, 101, 85, 82, 75, 92, 60, 83, 83, 93, 77, 70, 68, 77, 64, 81, 84, 86]
2019-04-20 19:06:27,302 [INFO] eval
2019-04-20 19:06:27,406 [INFO] eval-acc=0.893
2019-04-20 19:06:27,406 [INFO] fold 6
2019-04-20 19:06:27,409 [INFO] train
2019-04-20 19:06:27,410 [INFO] n-classes=150
2019-04-20 19:06:27,786 [INFO] depths = [76, 92, 83, 66, 85, 67, 94, 74, 87, 77, 61, 71, 75, 96, 80, 99, 85, 95, 60, 69, 69, 59, 52, 75, 80, 96, 78, 85, 71, 88, 90, 71, 82, 65, 104, 71, 88, 69, 78, 93, 68, 68, 79, 75, 55, 62, 74, 92, 83, 69, 92, 70, 66, 61, 79, 77, 75, 109, 71, 81, 67, 70, 63, 82, 68, 87, 79, 79, 90, 61, 68, 78, 79, 102, 85, 63, 84, 81, 50, 63, 96, 68, 51, 102, 104, 81, 76, 66, 81, 64, 103, 67, 60, 61, 60, 83, 73, 104, 77, 87]
2019-04-20 19:06:27,872 [INFO] leaf-node-counts = [76, 92, 83, 66, 85, 67, 94, 74, 87, 77, 61, 71, 75, 96, 80, 99, 85, 95, 60, 69, 69, 59, 52, 75, 80, 96, 78, 85, 71, 88, 90, 71, 82, 65, 104, 71, 88, 69, 78, 93, 68, 68, 79, 75, 55, 62, 74, 92, 83, 69, 92, 70, 66, 61, 79, 77, 75, 109, 71, 81, 67, 70, 63, 82, 68, 87, 79, 79, 90, 61, 68, 78, 79, 102, 85, 63, 84, 81, 50, 63, 96, 68, 51, 102, 104, 81, 76, 66, 81, 64, 103, 67, 60, 61, 60, 83, 73, 104, 77, 87]
2019-04-20 19:06:27,872 [INFO] eval
2019-04-20 19:06:27,976 [INFO] eval-acc=0.873
2019-04-20 19:06:27,976 [INFO] fold 7
2019-04-20 19:06:27,979 [INFO] train
2019-04-20 19:06:27,980 [INFO] n-classes=150
2019-04-20 19:06:28,354 [INFO] depths = [82, 79, 107, 83, 71, 69, 93, 76, 60, 58, 86, 84, 84, 69, 63, 88, 88, 88, 91, 78, 71, 74, 67, 83, 71, 89, 71, 69, 81, 68, 77, 83, 69, 71, 80, 77, 82, 107, 71, 86, 79, 75, 83, 86, 94, 56, 61, 76, 94, 65, 87, 85, 68, 68, 68, 81, 79, 70, 57, 81, 77, 80, 60, 91, 76, 77, 88, 72, 86, 74, 66, 79, 67, 63, 66, 69, 65, 72, 73, 75, 66, 80, 68, 91, 60, 66, 63, 53, 80, 76, 98, 64, 69, 74, 63, 86, 107, 78, 86, 68]
2019-04-20 19:06:28,432 [INFO] leaf-node-counts = [82, 79, 107, 83, 71, 69, 93, 76, 60, 58, 86, 84, 84, 69, 63, 88, 88, 88, 91, 78, 71, 74, 67, 83, 71, 89, 71, 69, 81, 68, 77, 83, 69, 71, 80, 77, 82, 107, 71, 86, 79, 75, 83, 86, 94, 56, 61, 76, 94, 65, 87, 85, 68, 68, 68, 81, 79, 70, 57, 81, 77, 80, 60, 91, 76, 77, 88, 72, 86, 74, 66, 79, 67, 63, 66, 69, 65, 72, 73, 75, 66, 80, 68, 91, 60, 66, 63, 53, 80, 76, 98, 64, 69, 74, 63, 86, 107, 78, 86, 68]
2019-04-20 19:06:28,432 [INFO] eval
2019-04-20 19:06:28,536 [INFO] eval-acc=0.940
2019-04-20 19:06:28,536 [INFO] fold 8
2019-04-20 19:06:28,539 [INFO] train
2019-04-20 19:06:28,539 [INFO] n-classes=150
2019-04-20 19:06:28,916 [INFO] depths = [87, 65, 67, 95, 79, 61, 102, 104, 83, 65, 69, 92, 84, 71, 77, 68, 95, 61, 59, 66, 71, 93, 74, 75, 80, 91, 76, 88, 65, 95, 83, 68, 82, 66, 62, 90, 63, 59, 63, 60, 72, 87, 72, 83, 91, 85, 63, 88, 72, 65, 107, 83, 84, 70, 79, 85, 88, 72, 83, 81, 72, 71, 76, 66, 96, 73, 89, 96, 49, 68, 60, 83, 80, 64, 84, 53, 81, 87, 61, 67, 62, 75, 70, 70, 77, 62, 58, 67, 87, 86, 54, 66, 68, 78, 59, 84, 80, 59, 89, 98]
2019-04-20 19:06:29,000 [INFO] leaf-node-counts = [87, 65, 67, 95, 79, 61, 102, 104, 83, 65, 69, 92, 84, 71, 77, 68, 95, 61, 59, 66, 71, 93, 74, 75, 80, 91, 76, 88, 65, 95, 83, 68, 82, 66, 62, 90, 63, 59, 63, 60, 72, 87, 72, 83, 91, 85, 63, 88, 72, 65, 107, 83, 84, 70, 79, 85, 88, 72, 83, 81, 72, 71, 76, 66, 96, 73, 89, 96, 49, 68, 60, 83, 80, 64, 84, 53, 81, 87, 61, 67, 62, 75, 70, 70, 77, 62, 58, 67, 87, 86, 54, 66, 68, 78, 59, 84, 80, 59, 89, 98]
2019-04-20 19:06:29,000 [INFO] eval
2019-04-20 19:06:29,104 [INFO] eval-acc=0.927
2019-04-20 19:06:29,113 [INFO] acc-mean=0.908 acc-std=0.020 acc-max=0.940
{"metrics": {"acc_max": 0.94, "acc_mean": 0.908148148148148, "acc_std": 0.01957014046462652}, "options": {"cutoff": 9, "json_result": true, "max_classes": 150, "max_depth": null, "max_features": null, "max_leaf_nodes_scale": null, "n_estimators": 100, "n_jobs": -1, "name": null, "path_c": null, "path_cpp": null, "path_py": "/home/dexter/Downloads/gcj-py-all.jsonl", "preset_c": "none", "preset_cpp": "none", "preset_py": "none", "seed": 1159809, "show_progress": false, "verbose": false}}
/home/dexter/anaconda2/envs/diora/lib/python3.6/site-packages/sklearn/ensemble/weight_boosting.py:29: DeprecationWarning: numpy.core.umath_tests is an internal NumPy module and should not be imported. It will be removed in a future NumPy release.
  from numpy.core.umath_tests import inner1d
2019-04-20 19:06:52,070 [INFO] start
2019-04-20 19:07:55,583 [INFO] balancing data
2019-04-20 19:07:59,912 [INFO] found 5763 eligible classes
2019-04-20 19:07:59,912 [INFO] downsampled to 300 classes
2019-04-20 19:07:59,922 [INFO] joining strings
2019-04-20 19:07:59,939 [INFO] tfidf data
2019-04-20 19:08:00,237 [INFO] language-counter=Counter({'python': 2700})
2019-04-20 19:08:00,237 [INFO] fold 0
2019-04-20 19:08:00,288 [INFO] train
2019-04-20 19:08:00,288 [INFO] n-classes=300
2019-04-20 19:08:01,054 [INFO] depths = [135, 169, 108, 113, 118, 112, 123, 89, 157, 127, 133, 145, 153, 83, 119, 115, 133, 147, 144, 116, 123, 146, 96, 140, 142, 133, 109, 129, 127, 133, 144, 139, 177, 130, 118, 151, 103, 117, 130, 113, 139, 101, 100, 130, 119, 113, 138, 118, 140, 111, 148, 136, 161, 127, 125, 120, 109, 151, 187, 107, 128, 135, 105, 91, 129, 138, 116, 124, 98, 96, 110, 118, 131, 86, 120, 112, 139, 110, 129, 122, 120, 135, 129, 106, 129, 122, 128, 112, 140, 130, 110, 150, 139, 98, 141, 107, 119, 133, 125, 107]
2019-04-20 19:08:01,219 [INFO] leaf-node-counts = [135, 169, 108, 113, 118, 112, 123, 89, 157, 127, 133, 145, 153, 83, 119, 115, 133, 147, 144, 116, 123, 146, 96, 140, 142, 133, 109, 129, 127, 133, 144, 139, 177, 130, 118, 151, 103, 117, 130, 113, 139, 101, 100, 130, 119, 113, 138, 118, 140, 111, 148, 136, 161, 127, 125, 120, 109, 151, 187, 107, 128, 135, 105, 91, 129, 138, 116, 124, 98, 96, 110, 118, 131, 86, 120, 112, 139, 110, 129, 122, 120, 135, 129, 106, 129, 122, 128, 112, 140, 130, 110, 150, 139, 98, 141, 107, 119, 133, 125, 107]
2019-04-20 19:08:01,219 [INFO] eval
2019-04-20 19:08:01,323 [INFO] eval-acc=0.860
2019-04-20 19:08:01,324 [INFO] fold 1
2019-04-20 19:08:01,328 [INFO] train
2019-04-20 19:08:01,329 [INFO] n-classes=300
2019-04-20 19:08:02,118 [INFO] depths = [145, 128, 116, 105, 128, 123, 115, 119, 145, 143, 131, 107, 120, 151, 121, 89, 107, 107, 114, 125, 104, 94, 91, 147, 106, 149, 128, 100, 118, 110, 93, 152, 185, 113, 91, 164, 113, 84, 132, 123, 115, 119, 121, 165, 160, 101, 117, 137, 140, 126, 95, 102, 145, 111, 99, 104, 135, 98, 145, 100, 102, 98, 117, 121, 135, 105, 104, 152, 97, 117, 141, 123, 160, 108, 95, 147, 148, 102, 143, 88, 145, 140, 111, 105, 121, 129, 130, 152, 104, 112, 129, 144, 113, 111, 143, 111, 111, 134, 136, 114]
2019-04-20 19:08:02,275 [INFO] leaf-node-counts = [145, 128, 116, 105, 128, 123, 115, 119, 145, 143, 131, 107, 120, 151, 121, 89, 107, 107, 114, 125, 104, 94, 91, 147, 106, 149, 128, 100, 118, 110, 93, 152, 185, 113, 91, 164, 113, 84, 132, 123, 115, 119, 121, 165, 160, 101, 117, 137, 140, 126, 95, 102, 145, 111, 99, 104, 135, 98, 145, 100, 102, 98, 117, 121, 135, 105, 104, 152, 97, 117, 141, 123, 160, 108, 95, 147, 148, 102, 143, 88, 145, 140, 111, 105, 121, 129, 130, 152, 104, 112, 129, 144, 113, 111, 143, 111, 111, 134, 136, 114]
2019-04-20 19:08:02,275 [INFO] eval
2019-04-20 19:08:02,379 [INFO] eval-acc=0.903
2019-04-20 19:08:02,379 [INFO] fold 2
2019-04-20 19:08:02,384 [INFO] train
2019-04-20 19:08:02,385 [INFO] n-classes=300
2019-04-20 19:08:03,175 [INFO] depths = [135, 141, 110, 113, 111, 177, 115, 139, 131, 118, 136, 98, 124, 109, 100, 132, 126, 143, 108, 91, 139, 101, 125, 122, 115, 87, 165, 102, 135, 144, 120, 110, 108, 129, 139, 107, 95, 120, 124, 78, 128, 120, 103, 124, 137, 112, 139, 147, 120, 113, 125, 107, 112, 115, 114, 116, 115, 131, 165, 150, 165, 135, 103, 170, 119, 99, 147, 140, 112, 130, 116, 124, 118, 134, 128, 85, 185, 98, 147, 112, 127, 125, 173, 101, 158, 98, 153, 128, 99, 152, 118, 162, 156, 125, 100, 99, 124, 134, 124, 109]
2019-04-20 19:08:03,333 [INFO] leaf-node-counts = [135, 141, 110, 113, 111, 177, 115, 139, 131, 118, 136, 98, 124, 109, 100, 132, 126, 143, 108, 91, 139, 101, 125, 122, 115, 87, 165, 102, 135, 144, 120, 110, 108, 129, 139, 107, 95, 120, 124, 78, 128, 120, 103, 124, 137, 112, 139, 147, 120, 113, 125, 107, 112, 115, 114, 116, 115, 131, 165, 150, 165, 135, 103, 170, 119, 99, 147, 140, 112, 130, 116, 124, 118, 134, 128, 85, 185, 98, 147, 112, 127, 125, 173, 101, 158, 98, 153, 128, 99, 152, 118, 162, 156, 125, 100, 99, 124, 134, 124, 109]
2019-04-20 19:08:03,333 [INFO] eval
2019-04-20 19:08:03,437 [INFO] eval-acc=0.893
2019-04-20 19:08:03,437 [INFO] fold 3
2019-04-20 19:08:03,441 [INFO] train
2019-04-20 19:08:03,442 [INFO] n-classes=300
2019-04-20 19:08:04,217 [INFO] depths = [109, 133, 148, 113, 128, 126, 141, 118, 134, 166, 121, 96, 144, 108, 79, 94, 94, 123, 128, 158, 192, 141, 114, 145, 143, 148, 150, 92, 120, 148, 114, 126, 108, 123, 129, 160, 112, 108, 153, 108, 137, 113, 100, 115, 109, 114, 124, 124, 132, 109, 138, 125, 95, 120, 113, 135, 110, 138, 112, 136, 144, 108, 136, 105, 127, 115, 140, 126, 124, 113, 123, 121, 155, 164, 118, 111, 115, 126, 102, 126, 128, 136, 131, 99, 126, 111, 110, 94, 159, 130, 162, 153, 118, 150, 121, 103, 117, 142, 163, 123]
2019-04-20 19:08:04,376 [INFO] leaf-node-counts = [109, 133, 148, 113, 128, 126, 141, 118, 134, 166, 121, 96, 144, 108, 79, 94, 94, 123, 128, 158, 192, 141, 114, 145, 143, 148, 150, 92, 120, 148, 114, 126, 108, 123, 129, 160, 112, 108, 153, 108, 137, 113, 100, 115, 109, 114, 124, 124, 132, 109, 138, 125, 95, 120, 113, 135, 110, 138, 112, 136, 144, 108, 136, 105, 127, 115, 140, 126, 124, 113, 123, 121, 155, 164, 118, 111, 115, 126, 102, 126, 128, 136, 131, 99, 126, 111, 110, 94, 159, 130, 162, 153, 118, 150, 121, 103, 117, 142, 163, 123]
2019-04-20 19:08:04,376 [INFO] eval
2019-04-20 19:08:04,480 [INFO] eval-acc=0.877
2019-04-20 19:08:04,480 [INFO] fold 4
2019-04-20 19:08:04,484 [INFO] train
2019-04-20 19:08:04,485 [INFO] n-classes=300
2019-04-20 19:08:05,262 [INFO] depths = [139, 93, 139, 116, 114, 115, 145, 135, 148, 125, 121, 143, 114, 120, 155, 118, 116, 169, 108, 101, 96, 102, 115, 111, 131, 118, 173, 136, 135, 146, 135, 109, 130, 97, 131, 133, 114, 109, 118, 163, 128, 130, 125, 106, 102, 129, 111, 112, 123, 116, 132, 108, 114, 85, 154, 143, 129, 166, 111, 149, 88, 101, 113, 131, 135, 113, 150, 117, 122, 166, 149, 144, 144, 116, 120, 139, 128, 146, 114, 93, 137, 139, 150, 162, 87, 153, 90, 88, 146, 156, 138, 86, 134, 109, 130, 156, 108, 151, 130, 112]
2019-04-20 19:08:05,421 [INFO] leaf-node-counts = [139, 93, 139, 116, 114, 115, 145, 135, 148, 125, 121, 143, 114, 120, 155, 118, 116, 169, 108, 101, 96, 102, 115, 111, 131, 118, 173, 136, 135, 146, 135, 109, 130, 97, 131, 133, 114, 109, 118, 163, 128, 130, 125, 106, 102, 129, 111, 112, 123, 116, 132, 108, 114, 85, 154, 143, 129, 166, 111, 149, 88, 101, 113, 131, 135, 113, 150, 117, 122, 166, 149, 144, 144, 116, 120, 139, 128, 146, 114, 93, 137, 139, 150, 162, 87, 153, 90, 88, 146, 156, 138, 86, 134, 109, 130, 156, 108, 151, 130, 112]
2019-04-20 19:08:05,421 [INFO] eval
2019-04-20 19:08:05,530 [INFO] eval-acc=0.903
2019-04-20 19:08:05,530 [INFO] fold 5
2019-04-20 19:08:05,534 [INFO] train
2019-04-20 19:08:05,535 [INFO] n-classes=300
2019-04-20 19:08:06,308 [INFO] depths = [141, 131, 158, 156, 109, 134, 111, 151, 123, 190, 105, 119, 155, 109, 143, 145, 105, 112, 124, 113, 119, 148, 137, 120, 129, 114, 114, 114, 141, 87, 187, 118, 96, 110, 126, 116, 185, 115, 162, 119, 125, 128, 124, 114, 168, 150, 138, 115, 141, 118, 105, 105, 117, 121, 94, 158, 98, 148, 156, 171, 151, 107, 116, 107, 150, 110, 120, 149, 105, 127, 108, 131, 156, 125, 134, 150, 124, 108, 168, 117, 129, 123, 85, 165, 147, 155, 74, 95, 134, 116, 103, 124, 131, 116, 134, 126, 113, 114, 141, 152]
2019-04-20 19:08:06,468 [INFO] leaf-node-counts = [141, 131, 158, 156, 109, 134, 111, 151, 123, 190, 105, 119, 155, 109, 143, 145, 105, 112, 124, 113, 119, 148, 137, 120, 129, 114, 114, 114, 141, 87, 187, 118, 96, 110, 126, 116, 185, 115, 162, 119, 125, 128, 124, 114, 168, 150, 138, 115, 141, 118, 105, 105, 117, 121, 94, 158, 98, 148, 156, 171, 151, 107, 116, 107, 150, 110, 120, 149, 105, 127, 108, 131, 156, 125, 134, 150, 124, 108, 168, 117, 129, 123, 85, 165, 147, 155, 74, 95, 134, 116, 103, 124, 131, 116, 134, 126, 113, 114, 141, 152]
2019-04-20 19:08:06,468 [INFO] eval
2019-04-20 19:08:06,574 [INFO] eval-acc=0.870
2019-04-20 19:08:06,574 [INFO] fold 6
2019-04-20 19:08:06,579 [INFO] train
2019-04-20 19:08:06,580 [INFO] n-classes=300
2019-04-20 19:08:07,360 [INFO] depths = [102, 147, 135, 131, 134, 110, 90, 107, 132, 91, 91, 123, 118, 131, 157, 159, 140, 107, 124, 146, 118, 157, 129, 100, 132, 130, 124, 144, 116, 111, 127, 129, 114, 99, 124, 118, 128, 162, 111, 100, 125, 123, 109, 109, 140, 88, 136, 128, 141, 160, 139, 107, 142, 138, 132, 94, 110, 118, 141, 148, 131, 107, 121, 108, 116, 131, 105, 130, 85, 88, 96, 124, 113, 132, 127, 145, 135, 164, 107, 136, 146, 101, 109, 115, 136, 119, 121, 93, 116, 97, 135, 159, 135, 128, 135, 152, 103, 130, 88, 101]
2019-04-20 19:08:07,517 [INFO] leaf-node-counts = [102, 147, 135, 131, 134, 110, 90, 107, 132, 91, 91, 123, 118, 131, 157, 159, 140, 107, 124, 146, 118, 157, 129, 100, 132, 130, 124, 144, 116, 111, 127, 129, 114, 99, 124, 118, 128, 162, 111, 100, 125, 123, 109, 109, 140, 88, 136, 128, 141, 160, 139, 107, 142, 138, 132, 94, 110, 118, 141, 148, 131, 107, 121, 108, 116, 131, 105, 130, 85, 88, 96, 124, 113, 132, 127, 145, 135, 164, 107, 136, 146, 101, 109, 115, 136, 119, 121, 93, 116, 97, 135, 159, 135, 128, 135, 152, 103, 130, 88, 101]
2019-04-20 19:08:07,517 [INFO] eval
2019-04-20 19:08:07,621 [INFO] eval-acc=0.893
2019-04-20 19:08:07,621 [INFO] fold 7
2019-04-20 19:08:07,626 [INFO] train
2019-04-20 19:08:07,627 [INFO] n-classes=300
2019-04-20 19:08:08,404 [INFO] depths = [174, 110, 110, 114, 82, 140, 118, 110, 143, 104, 178, 85, 124, 95, 129, 120, 154, 124, 166, 120, 139, 137, 117, 110, 102, 147, 141, 125, 147, 117, 109, 139, 130, 86, 109, 143, 114, 105, 126, 149, 168, 103, 118, 95, 126, 152, 128, 96, 128, 128, 125, 126, 137, 101, 184, 129, 124, 142, 106, 127, 93, 96, 130, 137, 112, 145, 142, 103, 146, 108, 101, 156, 131, 117, 119, 133, 105, 155, 167, 149, 141, 117, 110, 125, 132, 114, 131, 99, 109, 158, 112, 147, 133, 137, 118, 121, 115, 109, 122, 102]
2019-04-20 19:08:08,563 [INFO] leaf-node-counts = [174, 110, 110, 114, 82, 140, 118, 110, 143, 104, 178, 85, 124, 95, 129, 120, 154, 124, 166, 120, 139, 137, 117, 110, 102, 147, 141, 125, 147, 117, 109, 139, 130, 86, 109, 143, 114, 105, 126, 149, 168, 103, 118, 95, 126, 152, 128, 96, 128, 128, 125, 126, 137, 101, 184, 129, 124, 142, 106, 127, 93, 96, 130, 137, 112, 145, 142, 103, 146, 108, 101, 156, 131, 117, 119, 133, 105, 155, 167, 149, 141, 117, 110, 125, 132, 114, 131, 99, 109, 158, 112, 147, 133, 137, 118, 121, 115, 109, 122, 102]
2019-04-20 19:08:08,563 [INFO] eval
2019-04-20 19:08:08,667 [INFO] eval-acc=0.893
2019-04-20 19:08:08,667 [INFO] fold 8
2019-04-20 19:08:08,671 [INFO] train
2019-04-20 19:08:08,672 [INFO] n-classes=300
2019-04-20 19:08:09,457 [INFO] depths = [104, 101, 112, 138, 125, 107, 170, 159, 119, 120, 70, 130, 115, 114, 110, 115, 125, 139, 99, 109, 159, 138, 146, 104, 90, 150, 134, 124, 129, 126, 150, 126, 108, 107, 112, 164, 100, 138, 129, 99, 129, 148, 93, 126, 140, 136, 124, 128, 157, 122, 122, 109, 148, 126, 99, 102, 112, 155, 123, 126, 192, 109, 138, 86, 98, 147, 124, 151, 113, 120, 124, 86, 103, 130, 123, 132, 106, 126, 113, 109, 156, 107, 117, 107, 107, 133, 144, 94, 122, 99, 110, 110, 140, 104, 117, 133, 128, 161, 116, 116]
2019-04-20 19:08:09,620 [INFO] leaf-node-counts = [104, 101, 112, 138, 125, 107, 170, 159, 119, 120, 70, 130, 115, 114, 110, 115, 125, 139, 99, 109, 159, 138, 146, 104, 90, 150, 134, 124, 129, 126, 150, 126, 108, 107, 112, 164, 100, 138, 129, 99, 129, 148, 93, 126, 140, 136, 124, 128, 157, 122, 122, 109, 148, 126, 99, 102, 112, 155, 123, 126, 192, 109, 138, 86, 98, 147, 124, 151, 113, 120, 124, 86, 103, 130, 123, 132, 106, 126, 113, 109, 156, 107, 117, 107, 107, 133, 144, 94, 122, 99, 110, 110, 140, 104, 117, 133, 128, 161, 116, 116]
2019-04-20 19:08:09,620 [INFO] eval
2019-04-20 19:08:09,723 [INFO] eval-acc=0.900
2019-04-20 19:08:09,749 [INFO] acc-mean=0.888 acc-std=0.015 acc-max=0.903
{"metrics": {"acc_max": 0.9033333333333333, "acc_mean": 0.8881481481481482, "acc_std": 0.014665918424609872}, "options": {"cutoff": 9, "json_result": true, "max_classes": 300, "max_depth": null, "max_features": null, "max_leaf_nodes_scale": null, "n_estimators": 100, "n_jobs": -1, "name": null, "path_c": null, "path_cpp": null, "path_py": "/home/dexter/Downloads/gcj-py-all.jsonl", "preset_c": "none", "preset_cpp": "none", "preset_py": "none", "seed": 4785398, "show_progress": false, "verbose": false}}
/home/dexter/anaconda2/envs/diora/lib/python3.6/site-packages/sklearn/ensemble/weight_boosting.py:29: DeprecationWarning: numpy.core.umath_tests is an internal NumPy module and should not be imported. It will be removed in a future NumPy release.
  from numpy.core.umath_tests import inner1d
2019-04-20 19:08:32,670 [INFO] start
2019-04-20 19:09:35,687 [INFO] balancing data
2019-04-20 19:09:39,993 [INFO] found 5763 eligible classes
2019-04-20 19:09:39,993 [INFO] downsampled to 500 classes
2019-04-20 19:09:40,003 [INFO] joining strings
2019-04-20 19:09:40,030 [INFO] tfidf data
2019-04-20 19:09:40,473 [INFO] language-counter=Counter({'python': 4500})
2019-04-20 19:09:40,473 [INFO] fold 0
2019-04-20 19:09:40,562 [INFO] train
2019-04-20 19:09:40,562 [INFO] n-classes=500
2019-04-20 19:09:42,330 [INFO] depths = [170, 147, 124, 192, 141, 146, 149, 139, 217, 147, 171, 111, 188, 234, 156, 140, 193, 191, 162, 150, 124, 153, 152, 170, 161, 118, 148, 180, 149, 199, 154, 150, 192, 138, 164, 214, 156, 192, 168, 187, 152, 168, 228, 184, 151, 235, 183, 124, 265, 142, 144, 122, 157, 150, 134, 169, 161, 228, 197, 160, 150, 225, 214, 194, 179, 145, 213, 163, 233, 126, 127, 235, 135, 220, 149, 156, 212, 183, 147, 200, 180, 207, 223, 200, 155, 173, 154, 189, 153, 146, 147, 133, 159, 152, 161, 200, 192, 194, 150, 245]
2019-04-20 19:09:42,596 [INFO] leaf-node-counts = [170, 147, 124, 192, 141, 146, 149, 139, 217, 147, 171, 111, 188, 234, 156, 140, 193, 191, 162, 150, 124, 153, 152, 170, 161, 118, 148, 180, 149, 199, 154, 150, 192, 138, 164, 214, 156, 192, 168, 187, 152, 168, 228, 184, 151, 235, 183, 124, 265, 142, 144, 122, 157, 150, 134, 169, 161, 228, 197, 160, 150, 225, 214, 194, 179, 145, 213, 163, 233, 126, 127, 235, 135, 220, 149, 156, 212, 183, 147, 200, 180, 207, 223, 200, 155, 173, 154, 189, 153, 146, 147, 133, 159, 152, 161, 200, 192, 194, 150, 245]
2019-04-20 19:09:42,596 [INFO] eval
2019-04-20 19:09:42,701 [INFO] eval-acc=0.874
2019-04-20 19:09:42,701 [INFO] fold 1
2019-04-20 19:09:42,706 [INFO] train
2019-04-20 19:09:42,707 [INFO] n-classes=500
2019-04-20 19:09:44,515 [INFO] depths = [199, 162, 169, 199, 209, 194, 172, 137, 158, 117, 190, 185, 150, 185, 200, 225, 196, 226, 181, 128, 146, 127, 175, 228, 125, 171, 200, 146, 143, 172, 163, 162, 187, 146, 159, 113, 158, 160, 146, 175, 243, 146, 160, 113, 162, 155, 236, 202, 168, 120, 174, 145, 203, 193, 174, 210, 198, 147, 175, 122, 181, 187, 206, 206, 189, 232, 177, 184, 142, 193, 189, 178, 195, 180, 153, 199, 131, 141, 165, 141, 235, 218, 203, 172, 233, 251, 169, 165, 171, 237, 150, 175, 169, 185, 236, 163, 174, 122, 121, 162]
2019-04-20 19:09:44,777 [INFO] leaf-node-counts = [199, 162, 169, 199, 209, 194, 172, 137, 158, 117, 190, 185, 150, 185, 200, 225, 196, 226, 181, 128, 146, 127, 175, 228, 125, 171, 200, 146, 143, 172, 163, 162, 187, 146, 159, 113, 158, 160, 146, 175, 243, 146, 160, 113, 162, 155, 236, 202, 168, 120, 174, 145, 203, 193, 174, 210, 198, 147, 175, 122, 181, 187, 206, 206, 189, 232, 177, 184, 142, 193, 189, 178, 195, 180, 153, 199, 131, 141, 165, 141, 235, 218, 203, 172, 233, 251, 169, 165, 171, 237, 150, 175, 169, 185, 236, 163, 174, 122, 121, 162]
2019-04-20 19:09:44,777 [INFO] eval
2019-04-20 19:09:44,882 [INFO] eval-acc=0.904
2019-04-20 19:09:44,882 [INFO] fold 2
2019-04-20 19:09:44,886 [INFO] train
2019-04-20 19:09:44,887 [INFO] n-classes=500
2019-04-20 19:09:46,702 [INFO] depths = [179, 137, 176, 167, 131, 204, 193, 165, 155, 204, 161, 123, 143, 128, 146, 152, 176, 193, 190, 184, 198, 228, 159, 148, 139, 178, 224, 173, 171, 118, 142, 198, 152, 167, 172, 163, 164, 136, 222, 164, 181, 178, 207, 184, 152, 169, 238, 132, 160, 149, 208, 169, 176, 141, 182, 154, 179, 225, 164, 163, 156, 149, 145, 160, 166, 144, 185, 152, 126, 177, 128, 126, 165, 173, 165, 172, 147, 154, 169, 165, 128, 201, 176, 185, 226, 202, 174, 248, 181, 193, 134, 220, 191, 179, 205, 178, 171, 168, 175, 189]
2019-04-20 19:09:46,962 [INFO] leaf-node-counts = [179, 137, 176, 167, 131, 204, 193, 165, 155, 204, 161, 123, 143, 128, 146, 152, 176, 193, 190, 184, 198, 228, 159, 148, 139, 178, 224, 173, 171, 118, 142, 198, 152, 167, 172, 163, 164, 136, 222, 164, 181, 178, 207, 184, 152, 169, 238, 132, 160, 149, 208, 169, 176, 141, 182, 154, 179, 225, 164, 163, 156, 149, 145, 160, 166, 144, 185, 152, 126, 177, 128, 126, 165, 173, 165, 172, 147, 154, 169, 165, 128, 201, 176, 185, 226, 202, 174, 248, 181, 193, 134, 220, 191, 179, 205, 178, 171, 168, 175, 189]
2019-04-20 19:09:46,962 [INFO] eval
2019-04-20 19:09:47,067 [INFO] eval-acc=0.882
2019-04-20 19:09:47,067 [INFO] fold 3
2019-04-20 19:09:47,073 [INFO] train
2019-04-20 19:09:47,074 [INFO] n-classes=500
2019-04-20 19:09:48,988 [INFO] depths = [148, 146, 208, 153, 256, 172, 149, 211, 192, 181, 157, 143, 195, 142, 178, 191, 191, 182, 216, 150, 157, 154, 175, 164, 133, 223, 136, 172, 213, 212, 169, 194, 214, 175, 192, 184, 149, 162, 256, 220, 225, 245, 200, 197, 175, 188, 196, 187, 161, 145, 174, 194, 226, 276, 193, 201, 167, 184, 247, 210, 173, 143, 129, 156, 183, 211, 152, 188, 206, 201, 163, 171, 217, 174, 220, 172, 186, 142, 185, 205, 130, 161, 165, 127, 193, 240, 148, 168, 179, 171, 138, 180, 170, 156, 199, 196, 190, 167, 169, 156]
2019-04-20 19:09:49,248 [INFO] leaf-node-counts = [148, 146, 208, 153, 256, 172, 149, 211, 192, 181, 157, 143, 195, 142, 178, 191, 191, 182, 216, 150, 157, 154, 175, 164, 133, 223, 136, 172, 213, 212, 169, 194, 214, 175, 192, 184, 149, 162, 256, 220, 225, 245, 200, 197, 175, 188, 196, 187, 161, 145, 174, 194, 226, 276, 193, 201, 167, 184, 247, 210, 173, 143, 129, 156, 183, 211, 152, 188, 206, 201, 163, 171, 217, 174, 220, 172, 186, 142, 185, 205, 130, 161, 165, 127, 193, 240, 148, 168, 179, 171, 138, 180, 170, 156, 199, 196, 190, 167, 169, 156]
2019-04-20 19:09:49,248 [INFO] eval
2019-04-20 19:09:49,353 [INFO] eval-acc=0.864
2019-04-20 19:09:49,353 [INFO] fold 4
2019-04-20 19:09:49,358 [INFO] train
2019-04-20 19:09:49,359 [INFO] n-classes=500
2019-04-20 19:09:51,172 [INFO] depths = [187, 182, 129, 192, 152, 217, 189, 204, 228, 179, 159, 140, 165, 123, 170, 184, 159, 141, 164, 145, 207, 148, 181, 227, 191, 143, 183, 150, 183, 196, 163, 176, 187, 142, 188, 199, 179, 225, 226, 182, 216, 138, 193, 136, 195, 181, 163, 147, 183, 207, 240, 150, 194, 166, 187, 219, 155, 160, 181, 204, 204, 182, 143, 159, 163, 149, 162, 186, 149, 155, 135, 175, 156, 221, 193, 139, 144, 183, 163, 169, 183, 174, 131, 183, 171, 192, 142, 220, 154, 177, 183, 239, 217, 172, 214, 145, 177, 158, 147, 130]
2019-04-20 19:09:51,431 [INFO] leaf-node-counts = [187, 182, 129, 192, 152, 217, 189, 204, 228, 179, 159, 140, 165, 123, 170, 184, 159, 141, 164, 145, 207, 148, 181, 227, 191, 143, 183, 150, 183, 196, 163, 176, 187, 142, 188, 199, 179, 225, 226, 182, 216, 138, 193, 136, 195, 181, 163, 147, 183, 207, 240, 150, 194, 166, 187, 219, 155, 160, 181, 204, 204, 182, 143, 159, 163, 149, 162, 186, 149, 155, 135, 175, 156, 221, 193, 139, 144, 183, 163, 169, 183, 174, 131, 183, 171, 192, 142, 220, 154, 177, 183, 239, 217, 172, 214, 145, 177, 158, 147, 130]
2019-04-20 19:09:51,431 [INFO] eval
2019-04-20 19:09:51,536 [INFO] eval-acc=0.874
2019-04-20 19:09:51,536 [INFO] fold 5
2019-04-20 19:09:51,540 [INFO] train
2019-04-20 19:09:51,542 [INFO] n-classes=500
2019-04-20 19:09:53,357 [INFO] depths = [131, 149, 162, 160, 162, 252, 219, 154, 177, 189, 200, 150, 204, 162, 190, 172, 166, 207, 163, 147, 141, 154, 163, 150, 143, 153, 163, 164, 152, 157, 153, 165, 184, 197, 181, 198, 140, 198, 204, 174, 164, 114, 175, 114, 138, 178, 172, 190, 122, 210, 104, 198, 198, 199, 166, 228, 175, 181, 221, 185, 234, 184, 224, 154, 191, 151, 166, 171, 166, 180, 182, 188, 155, 145, 161, 168, 148, 165, 178, 180, 209, 173, 161, 171, 176, 212, 109, 153, 286, 127, 183, 205, 150, 125, 177, 170, 194, 192, 115, 141]
2019-04-20 19:09:53,617 [INFO] leaf-node-counts = [131, 149, 162, 160, 162, 252, 219, 154, 177, 189, 200, 150, 204, 162, 190, 172, 166, 207, 163, 147, 141, 154, 163, 150, 143, 153, 163, 164, 152, 157, 153, 165, 184, 197, 181, 198, 140, 198, 204, 174, 164, 114, 175, 114, 138, 178, 172, 190, 122, 210, 104, 198, 198, 199, 166, 228, 175, 181, 221, 185, 234, 184, 224, 154, 191, 151, 166, 171, 166, 180, 182, 188, 155, 145, 161, 168, 148, 165, 178, 180, 209, 173, 161, 171, 176, 212, 109, 153, 286, 127, 183, 205, 150, 125, 177, 170, 194, 192, 115, 141]
2019-04-20 19:09:53,617 [INFO] eval
2019-04-20 19:09:53,723 [INFO] eval-acc=0.862
2019-04-20 19:09:53,723 [INFO] fold 6
2019-04-20 19:09:53,728 [INFO] train
2019-04-20 19:09:53,730 [INFO] n-classes=500
2019-04-20 19:09:55,649 [INFO] depths = [226, 140, 124, 191, 138, 155, 263, 144, 181, 225, 169, 182, 167, 180, 161, 258, 169, 171, 193, 136, 192, 171, 175, 158, 130, 177, 196, 191, 150, 153, 196, 178, 234, 188, 206, 155, 190, 125, 174, 223, 186, 165, 188, 182, 152, 160, 171, 117, 136, 156, 155, 214, 181, 216, 153, 201, 160, 164, 204, 154, 161, 140, 158, 215, 208, 164, 225, 142, 131, 177, 129, 200, 158, 184, 133, 196, 198, 201, 137, 202, 215, 153, 200, 126, 183, 167, 188, 154, 202, 222, 123, 162, 194, 157, 228, 162, 167, 158, 178, 190]
2019-04-20 19:09:55,910 [INFO] leaf-node-counts = [226, 140, 124, 191, 138, 155, 263, 144, 181, 225, 169, 182, 167, 180, 161, 258, 169, 171, 193, 136, 192, 171, 175, 158, 130, 177, 196, 191, 150, 153, 196, 178, 234, 188, 206, 155, 190, 125, 174, 223, 186, 165, 188, 182, 152, 160, 171, 117, 136, 156, 155, 214, 181, 216, 153, 201, 160, 164, 204, 154, 161, 140, 158, 215, 208, 164, 225, 142, 131, 177, 129, 200, 158, 184, 133, 196, 198, 201, 137, 202, 215, 153, 200, 126, 183, 167, 188, 154, 202, 222, 123, 162, 194, 157, 228, 162, 167, 158, 178, 190]
2019-04-20 19:09:55,910 [INFO] eval
2019-04-20 19:09:56,015 [INFO] eval-acc=0.862
2019-04-20 19:09:56,016 [INFO] fold 7
2019-04-20 19:09:56,021 [INFO] train
2019-04-20 19:09:56,023 [INFO] n-classes=500
2019-04-20 19:09:57,838 [INFO] depths = [196, 163, 179, 167, 148, 218, 203, 142, 226, 205, 119, 200, 196, 164, 155, 148, 142, 163, 130, 199, 164, 164, 190, 152, 167, 188, 180, 138, 218, 123, 164, 154, 200, 136, 177, 148, 182, 164, 109, 205, 213, 144, 179, 137, 181, 179, 131, 198, 202, 163, 147, 152, 214, 207, 172, 140, 177, 198, 200, 165, 164, 132, 151, 239, 195, 194, 173, 164, 134, 191, 147, 190, 201, 160, 154, 139, 188, 116, 177, 189, 133, 170, 141, 187, 145, 194, 171, 179, 155, 154, 171, 148, 174, 165, 181, 157, 221, 144, 146, 193]
2019-04-20 19:09:58,101 [INFO] leaf-node-counts = [196, 163, 179, 167, 148, 218, 203, 142, 226, 205, 119, 200, 196, 164, 155, 148, 142, 163, 130, 199, 164, 164, 190, 152, 167, 188, 180, 138, 218, 123, 164, 154, 200, 136, 177, 148, 182, 164, 109, 205, 213, 144, 179, 137, 181, 179, 131, 198, 202, 163, 147, 152, 214, 207, 172, 140, 177, 198, 200, 165, 164, 132, 151, 239, 195, 194, 173, 164, 134, 191, 147, 190, 201, 160, 154, 139, 188, 116, 177, 189, 133, 170, 141, 187, 145, 194, 171, 179, 155, 154, 171, 148, 174, 165, 181, 157, 221, 144, 146, 193]
2019-04-20 19:09:58,102 [INFO] eval
2019-04-20 19:09:58,206 [INFO] eval-acc=0.860
2019-04-20 19:09:58,207 [INFO] fold 8
2019-04-20 19:09:58,211 [INFO] train
2019-04-20 19:09:58,212 [INFO] n-classes=500
2019-04-20 19:10:00,030 [INFO] depths = [143, 134, 153, 193, 136, 221, 159, 179, 161, 131, 176, 173, 156, 206, 156, 147, 161, 146, 193, 143, 150, 224, 261, 215, 247, 234, 183, 193, 200, 194, 140, 214, 153, 156, 195, 162, 127, 171, 179, 159, 230, 239, 154, 164, 165, 183, 164, 159, 169, 210, 139, 132, 180, 130, 146, 234, 220, 269, 148, 144, 165, 128, 229, 142, 147, 145, 152, 180, 134, 205, 150, 184, 152, 232, 164, 183, 185, 129, 169, 179, 137, 179, 165, 133, 187, 142, 183, 182, 181, 165, 168, 175, 111, 130, 198, 173, 187, 151, 162, 192]
2019-04-20 19:10:00,289 [INFO] leaf-node-counts = [143, 134, 153, 193, 136, 221, 159, 179, 161, 131, 176, 173, 156, 206, 156, 147, 161, 146, 193, 143, 150, 224, 261, 215, 247, 234, 183, 193, 200, 194, 140, 214, 153, 156, 195, 162, 127, 171, 179, 159, 230, 239, 154, 164, 165, 183, 164, 159, 169, 210, 139, 132, 180, 130, 146, 234, 220, 269, 148, 144, 165, 128, 229, 142, 147, 145, 152, 180, 134, 205, 150, 184, 152, 232, 164, 183, 185, 129, 169, 179, 137, 179, 165, 133, 187, 142, 183, 182, 181, 165, 168, 175, 111, 130, 198, 173, 187, 151, 162, 192]
2019-04-20 19:10:00,289 [INFO] eval
2019-04-20 19:10:00,393 [INFO] eval-acc=0.868
2019-04-20 19:10:00,435 [INFO] acc-mean=0.872 acc-std=0.013 acc-max=0.904
{"metrics": {"acc_max": 0.904, "acc_mean": 0.8722222222222222, "acc_std": 0.013146843962443602}, "options": {"cutoff": 9, "json_result": true, "max_classes": 500, "max_depth": null, "max_features": null, "max_leaf_nodes_scale": null, "n_estimators": 100, "n_jobs": -1, "name": null, "path_c": null, "path_cpp": null, "path_py": "/home/dexter/Downloads/gcj-py-all.jsonl", "preset_c": "none", "preset_cpp": "none", "preset_py": "none", "seed": 8492037, "show_progress": false, "verbose": false}}
/home/dexter/anaconda2/envs/diora/lib/python3.6/site-packages/sklearn/ensemble/weight_boosting.py:29: DeprecationWarning: numpy.core.umath_tests is an internal NumPy module and should not be imported. It will be removed in a future NumPy release.
  from numpy.core.umath_tests import inner1d
2019-04-20 19:10:23,377 [INFO] start
2019-04-20 19:11:26,279 [INFO] balancing data
2019-04-20 19:11:30,597 [INFO] found 5763 eligible classes
2019-04-20 19:11:30,598 [INFO] downsampled to 1000 classes
2019-04-20 19:11:30,611 [INFO] joining strings
2019-04-20 19:11:30,666 [INFO] tfidf data
2019-04-20 19:11:31,585 [INFO] language-counter=Counter({'python': 9000})
2019-04-20 19:11:31,585 [INFO] fold 0
2019-04-20 19:11:31,807 [INFO] train
2019-04-20 19:11:31,808 [INFO] n-classes=1000
2019-04-20 19:11:39,307 [INFO] depths = [236, 383, 279, 257, 287, 271, 326, 314, 252, 329, 313, 250, 217, 261, 358, 320, 301, 366, 292, 321, 261, 334, 270, 243, 232, 307, 214, 222, 290, 316, 254, 286, 347, 244, 304, 258, 217, 268, 246, 330, 293, 222, 324, 280, 371, 276, 232, 265, 257, 273, 252, 298, 296, 267, 325, 230, 336, 394, 296, 231, 261, 236, 309, 324, 281, 278, 294, 238, 221, 316, 295, 243, 326, 268, 268, 255, 264, 285, 222, 244, 306, 370, 260, 345, 255, 301, 274, 323, 359, 285, 298, 265, 268, 297, 303, 321, 340, 307, 244, 292]
2019-04-20 19:11:39,845 [INFO] leaf-node-counts = [236, 383, 279, 257, 287, 271, 326, 314, 252, 329, 313, 250, 217, 261, 358, 320, 301, 366, 292, 321, 261, 334, 270, 243, 232, 307, 214, 222, 290, 316, 254, 286, 347, 244, 304, 258, 217, 268, 246, 330, 293, 222, 324, 280, 371, 276, 232, 265, 257, 273, 252, 298, 296, 267, 325, 230, 336, 394, 296, 231, 261, 236, 309, 324, 281, 278, 294, 238, 221, 316, 295, 243, 326, 268, 268, 255, 264, 285, 222, 244, 306, 370, 260, 345, 255, 301, 274, 323, 359, 285, 298, 265, 268, 297, 303, 321, 340, 307, 244, 292]
2019-04-20 19:11:39,845 [INFO] eval
2019-04-20 19:11:40,160 [INFO] eval-acc=0.859
2019-04-20 19:11:40,160 [INFO] fold 1
2019-04-20 19:11:40,165 [INFO] train
2019-04-20 19:11:40,166 [INFO] n-classes=1000
2019-04-20 19:11:53,595 [INFO] depths = [245, 257, 307, 271, 318, 384, 303, 305, 293, 251, 342, 261, 221, 301, 265, 241, 304, 282, 194, 349, 241, 410, 293, 277, 309, 288, 288, 234, 314, 335, 311, 232, 286, 318, 303, 306, 263, 289, 240, 297, 336, 265, 279, 290, 256, 243, 280, 276, 334, 273, 246, 314, 337, 257, 226, 261, 269, 291, 215, 227, 250, 255, 302, 302, 250, 253, 361, 293, 249, 217, 247, 299, 282, 244, 297, 358, 240, 323, 251, 263, 261, 275, 266, 368, 293, 300, 302, 273, 298, 290, 283, 358, 265, 287, 211, 283, 300, 361, 248, 237]
2019-04-20 19:11:54,148 [INFO] leaf-node-counts = [245, 257, 307, 271, 318, 384, 303, 305, 293, 251, 342, 261, 221, 301, 265, 241, 304, 282, 194, 349, 241, 410, 293, 277, 309, 288, 288, 234, 314, 335, 311, 232, 286, 318, 303, 306, 263, 289, 240, 297, 336, 265, 279, 290, 256, 243, 280, 276, 334, 273, 246, 314, 337, 257, 226, 261, 269, 291, 215, 227, 250, 255, 302, 302, 250, 253, 361, 293, 249, 217, 247, 299, 282, 244, 297, 358, 240, 323, 251, 263, 261, 275, 266, 368, 293, 300, 302, 273, 298, 290, 283, 358, 265, 287, 211, 283, 300, 361, 248, 237]
2019-04-20 19:11:54,148 [INFO] eval
2019-04-20 19:11:54,491 [INFO] eval-acc=0.853
2019-04-20 19:11:54,491 [INFO] fold 2
2019-04-20 19:11:54,576 [INFO] train
2019-04-20 19:11:54,577 [INFO] n-classes=1000
2019-04-20 19:12:02,240 [INFO] depths = [229, 279, 331, 252, 308, 209, 282, 220, 255, 299, 286, 337, 245, 299, 373, 351, 242, 296, 238, 314, 294, 320, 325, 240, 325, 423, 332, 324, 221, 361, 277, 276, 356, 266, 293, 337, 319, 256, 296, 397, 360, 214, 288, 273, 301, 324, 307, 389, 304, 315, 247, 238, 340, 252, 328, 271, 312, 278, 264, 274, 321, 317, 312, 277, 298, 232, 221, 312, 269, 208, 255, 270, 228, 340, 235, 367, 327, 212, 277, 310, 221, 332, 282, 254, 200, 293, 314, 278, 356, 286, 254, 221, 251, 304, 263, 257, 243, 304, 268, 198]
2019-04-20 19:12:02,777 [INFO] leaf-node-counts = [229, 279, 331, 252, 308, 209, 282, 220, 255, 299, 286, 337, 245, 299, 373, 351, 242, 296, 238, 314, 294, 320, 325, 240, 325, 423, 332, 324, 221, 361, 277, 276, 356, 266, 293, 337, 319, 256, 296, 397, 360, 214, 288, 273, 301, 324, 307, 389, 304, 315, 247, 238, 340, 252, 328, 271, 312, 278, 264, 274, 321, 317, 312, 277, 298, 232, 221, 312, 269, 208, 255, 270, 228, 340, 235, 367, 327, 212, 277, 310, 221, 332, 282, 254, 200, 293, 314, 278, 356, 286, 254, 221, 251, 304, 263, 257, 243, 304, 268, 198]
2019-04-20 19:12:02,778 [INFO] eval
2019-04-20 19:12:03,088 [INFO] eval-acc=0.855
2019-04-20 19:12:03,088 [INFO] fold 3
2019-04-20 19:12:03,097 [INFO] train
2019-04-20 19:12:03,098 [INFO] n-classes=1000
2019-04-20 19:12:10,854 [INFO] depths = [420, 359, 247, 254, 301, 375, 181, 442, 233, 254, 262, 336, 246, 200, 251, 309, 286, 287, 219, 349, 258, 313, 229, 318, 356, 316, 246, 286, 281, 360, 283, 279, 279, 242, 385, 282, 256, 322, 240, 272, 319, 209, 284, 216, 306, 258, 352, 300, 308, 323, 283, 237, 329, 181, 291, 389, 292, 330, 230, 347, 269, 263, 311, 278, 263, 261, 233, 344, 310, 284, 190, 293, 211, 315, 277, 287, 254, 287, 207, 244, 357, 303, 297, 317, 301, 304, 340, 267, 316, 274, 234, 305, 307, 216, 303, 406, 355, 298, 268, 290]
2019-04-20 19:12:11,399 [INFO] leaf-node-counts = [420, 359, 247, 254, 301, 375, 181, 442, 233, 254, 262, 336, 246, 200, 251, 309, 286, 287, 219, 349, 258, 313, 229, 318, 356, 316, 246, 286, 281, 360, 283, 279, 279, 242, 385, 282, 256, 322, 240, 272, 319, 209, 284, 216, 306, 258, 352, 300, 308, 323, 283, 237, 329, 181, 291, 389, 292, 330, 230, 347, 269, 263, 311, 278, 263, 261, 233, 344, 310, 284, 190, 293, 211, 315, 277, 287, 254, 287, 207, 244, 357, 303, 297, 317, 301, 304, 340, 267, 316, 274, 234, 305, 307, 216, 303, 406, 355, 298, 268, 290]
2019-04-20 19:12:11,399 [INFO] eval
2019-04-20 19:12:11,709 [INFO] eval-acc=0.859
2019-04-20 19:12:11,709 [INFO] fold 4
2019-04-20 19:12:11,717 [INFO] train
2019-04-20 19:12:11,720 [INFO] n-classes=1000
2019-04-20 19:12:19,304 [INFO] depths = [289, 459, 255, 331, 241, 311, 256, 329, 321, 212, 299, 351, 304, 275, 307, 321, 223, 253, 369, 309, 244, 290, 325, 253, 274, 357, 298, 268, 363, 223, 253, 257, 401, 327, 298, 314, 328, 279, 259, 254, 367, 240, 261, 291, 284, 354, 227, 234, 251, 323, 244, 282, 274, 286, 243, 368, 291, 275, 346, 292, 238, 398, 338, 357, 250, 287, 257, 296, 276, 366, 348, 253, 281, 295, 201, 262, 302, 242, 294, 225, 336, 288, 300, 290, 256, 385, 245, 258, 272, 210, 267, 365, 334, 258, 287, 272, 299, 270, 348, 280]
2019-04-20 19:12:19,845 [INFO] leaf-node-counts = [289, 459, 255, 331, 241, 311, 256, 329, 321, 212, 299, 351, 304, 275, 307, 321, 223, 253, 369, 309, 244, 290, 325, 253, 274, 357, 298, 268, 363, 223, 253, 257, 401, 327, 298, 314, 328, 279, 259, 254, 367, 240, 261, 291, 284, 354, 227, 234, 251, 323, 244, 282, 274, 286, 243, 368, 291, 275, 346, 292, 238, 398, 338, 357, 250, 287, 257, 296, 276, 366, 348, 253, 281, 295, 201, 262, 302, 242, 294, 225, 336, 288, 300, 290, 256, 385, 245, 258, 272, 210, 267, 365, 334, 258, 287, 272, 299, 270, 348, 280]
2019-04-20 19:12:19,845 [INFO] eval
2019-04-20 19:12:20,154 [INFO] eval-acc=0.863
2019-04-20 19:12:20,154 [INFO] fold 5
2019-04-20 19:12:20,165 [INFO] train
2019-04-20 19:12:20,166 [INFO] n-classes=1000
2019-04-20 19:12:27,716 [INFO] depths = [244, 255, 283, 263, 305, 227, 236, 316, 304, 224, 335, 344, 291, 227, 270, 227, 208, 241, 257, 226, 248, 262, 300, 313, 284, 314, 246, 305, 404, 325, 291, 191, 228, 280, 270, 344, 245, 258, 319, 302, 272, 257, 258, 273, 275, 257, 252, 203, 380, 256, 259, 229, 309, 311, 222, 208, 204, 302, 232, 233, 232, 324, 231, 310, 271, 350, 278, 267, 295, 261, 267, 316, 299, 266, 252, 264, 289, 279, 238, 305, 380, 305, 277, 328, 314, 364, 234, 306, 321, 355, 312, 340, 343, 296, 305, 288, 250, 257, 280, 284]
2019-04-20 19:12:28,254 [INFO] leaf-node-counts = [244, 255, 283, 263, 305, 227, 236, 316, 304, 224, 335, 344, 291, 227, 270, 227, 208, 241, 257, 226, 248, 262, 300, 313, 284, 314, 246, 305, 404, 325, 291, 191, 228, 280, 270, 344, 245, 258, 319, 302, 272, 257, 258, 273, 275, 257, 252, 203, 380, 256, 259, 229, 309, 311, 222, 208, 204, 302, 232, 233, 232, 324, 231, 310, 271, 350, 278, 267, 295, 261, 267, 316, 299, 266, 252, 264, 289, 279, 238, 305, 380, 305, 277, 328, 314, 364, 234, 306, 321, 355, 312, 340, 343, 296, 305, 288, 250, 257, 280, 284]
2019-04-20 19:12:28,254 [INFO] eval
2019-04-20 19:12:28,564 [INFO] eval-acc=0.857
2019-04-20 19:12:28,564 [INFO] fold 6
2019-04-20 19:12:28,571 [INFO] train
2019-04-20 19:12:28,572 [INFO] n-classes=1000
2019-04-20 19:12:36,343 [INFO] depths = [275, 317, 244, 329, 319, 222, 267, 329, 308, 326, 326, 359, 320, 248, 392, 242, 204, 253, 263, 252, 324, 317, 327, 340, 230, 349, 364, 309, 227, 159, 245, 273, 325, 409, 290, 250, 354, 276, 220, 211, 274, 312, 284, 318, 270, 375, 332, 222, 296, 279, 274, 321, 278, 223, 215, 325, 336, 296, 261, 296, 292, 307, 350, 303, 362, 249, 284, 391, 286, 277, 282, 316, 235, 321, 262, 326, 221, 286, 313, 271, 288, 336, 350, 351, 266, 316, 306, 290, 421, 290, 248, 354, 346, 312, 258, 409, 329, 285, 380, 324]
2019-04-20 19:12:36,882 [INFO] leaf-node-counts = [275, 317, 244, 329, 319, 222, 267, 329, 308, 326, 326, 359, 320, 248, 392, 242, 204, 253, 263, 252, 324, 317, 327, 340, 230, 349, 364, 309, 227, 159, 245, 273, 325, 409, 290, 250, 354, 276, 220, 211, 274, 312, 284, 318, 270, 375, 332, 222, 296, 279, 274, 321, 278, 223, 215, 325, 336, 296, 261, 296, 292, 307, 350, 303, 362, 249, 284, 391, 286, 277, 282, 316, 235, 321, 262, 326, 221, 286, 313, 271, 288, 336, 350, 351, 266, 316, 306, 290, 421, 290, 248, 354, 346, 312, 258, 409, 329, 285, 380, 324]
2019-04-20 19:12:36,882 [INFO] eval
2019-04-20 19:12:37,195 [INFO] eval-acc=0.862
2019-04-20 19:12:37,195 [INFO] fold 7
2019-04-20 19:12:37,203 [INFO] train
2019-04-20 19:12:37,204 [INFO] n-classes=1000
2019-04-20 19:12:44,762 [INFO] depths = [256, 311, 269, 195, 236, 274, 187, 310, 240, 300, 321, 294, 312, 370, 365, 301, 268, 287, 387, 302, 233, 204, 261, 295, 325, 302, 341, 338, 438, 309, 266, 283, 318, 352, 303, 288, 333, 298, 295, 288, 300, 324, 276, 382, 312, 232, 321, 292, 318, 297, 295, 233, 259, 305, 239, 224, 273, 309, 331, 236, 382, 253, 274, 321, 337, 300, 271, 230, 277, 290, 294, 255, 281, 335, 302, 271, 308, 273, 261, 209, 283, 237, 333, 339, 270, 229, 273, 289, 279, 238, 359, 237, 258, 211, 351, 278, 271, 286, 350, 227]
2019-04-20 19:12:45,300 [INFO] leaf-node-counts = [256, 311, 269, 195, 236, 274, 187, 310, 240, 300, 321, 294, 312, 370, 365, 301, 268, 287, 387, 302, 233, 204, 261, 295, 325, 302, 341, 338, 438, 309, 266, 283, 318, 352, 303, 288, 333, 298, 295, 288, 300, 324, 276, 382, 312, 232, 321, 292, 318, 297, 295, 233, 259, 305, 239, 224, 273, 309, 331, 236, 382, 253, 274, 321, 337, 300, 271, 230, 277, 290, 294, 255, 281, 335, 302, 271, 308, 273, 261, 209, 283, 237, 333, 339, 270, 229, 273, 289, 279, 238, 359, 237, 258, 211, 351, 278, 271, 286, 350, 227]
2019-04-20 19:12:45,300 [INFO] eval
2019-04-20 19:12:45,611 [INFO] eval-acc=0.862
2019-04-20 19:12:45,612 [INFO] fold 8
2019-04-20 19:12:45,626 [INFO] train
2019-04-20 19:12:45,627 [INFO] n-classes=1000
2019-04-20 19:12:53,086 [INFO] depths = [320, 306, 383, 239, 258, 329, 230, 289, 280, 278, 270, 301, 241, 273, 326, 304, 346, 257, 339, 340, 336, 255, 224, 294, 369, 271, 321, 222, 281, 348, 371, 214, 214, 317, 339, 309, 278, 255, 266, 207, 296, 278, 267, 236, 193, 297, 274, 275, 270, 284, 341, 213, 285, 270, 270, 248, 257, 345, 261, 313, 354, 254, 365, 309, 283, 227, 233, 284, 281, 297, 379, 333, 268, 289, 286, 273, 221, 215, 251, 217, 334, 318, 388, 343, 288, 373, 213, 304, 328, 247, 284, 351, 307, 269, 326, 244, 245, 299, 244, 285]
2019-04-20 19:12:53,626 [INFO] leaf-node-counts = [320, 306, 383, 239, 258, 329, 230, 289, 280, 278, 270, 301, 241, 273, 326, 304, 346, 257, 339, 340, 336, 255, 224, 294, 369, 271, 321, 222, 281, 348, 371, 214, 214, 317, 339, 309, 278, 255, 266, 207, 296, 278, 267, 236, 193, 297, 274, 275, 270, 284, 341, 213, 285, 270, 270, 248, 257, 345, 261, 313, 354, 254, 365, 309, 283, 227, 233, 284, 281, 297, 379, 333, 268, 289, 286, 273, 221, 215, 251, 217, 334, 318, 388, 343, 288, 373, 213, 304, 328, 247, 284, 351, 307, 269, 326, 244, 245, 299, 244, 285]
2019-04-20 19:12:53,626 [INFO] eval
2019-04-20 19:12:53,936 [INFO] eval-acc=0.856
2019-04-20 19:12:54,101 [INFO] acc-mean=0.858 acc-std=0.003 acc-max=0.863
{"metrics": {"acc_max": 0.863, "acc_mean": 0.8584444444444445, "acc_std": 0.003269764215458261}, "options": {"cutoff": 9, "json_result": true, "max_classes": 1000, "max_depth": null, "max_features": null, "max_leaf_nodes_scale": null, "n_estimators": 100, "n_jobs": -1, "name": null, "path_c": null, "path_cpp": null, "path_py": "/home/dexter/Downloads/gcj-py-all.jsonl", "preset_c": "none", "preset_cpp": "none", "preset_py": "none", "seed": 9930720, "show_progress": false, "verbose": false}}
/home/dexter/anaconda2/envs/diora/lib/python3.6/site-packages/sklearn/ensemble/weight_boosting.py:29: DeprecationWarning: numpy.core.umath_tests is an internal NumPy module and should not be imported. It will be removed in a future NumPy release.
  from numpy.core.umath_tests import inner1d
2019-04-20 19:13:47,323 [INFO] start
2019-04-20 19:14:50,955 [INFO] balancing data
2019-04-20 19:14:55,266 [INFO] found 5763 eligible classes
2019-04-20 19:14:55,267 [INFO] downsampled to 1500 classes
2019-04-20 19:14:55,282 [INFO] joining strings
2019-04-20 19:14:55,364 [INFO] tfidf data
2019-04-20 19:14:56,708 [INFO] language-counter=Counter({'python': 13500})
2019-04-20 19:14:56,708 [INFO] fold 0
2019-04-20 19:14:57,089 [INFO] train
2019-04-20 19:14:57,091 [INFO] n-classes=1500
2019-04-20 19:15:24,417 [INFO] depths = [456, 284, 361, 455, 347, 409, 354, 329, 340, 426, 331, 377, 366, 308, 309, 417, 367, 391, 367, 377, 353, 346, 321, 343, 439, 361, 260, 403, 465, 453, 415, 401, 466, 314, 286, 372, 370, 463, 375, 315, 393, 326, 396, 448, 357, 333, 353, 331, 384, 330, 332, 395, 374, 315, 334, 346, 359, 301, 339, 364, 466, 306, 303, 418, 272, 281, 376, 406, 417, 370, 354, 488, 329, 390, 355, 332, 359, 324, 267, 372, 339, 353, 396, 341, 349, 402, 368, 297, 400, 378, 346, 366, 398, 365, 310, 361, 366, 299, 401, 273]
2019-04-20 19:15:25,283 [INFO] leaf-node-counts = [456, 284, 361, 455, 347, 409, 354, 329, 340, 426, 331, 377, 366, 308, 309, 417, 367, 391, 367, 377, 353, 346, 321, 343, 439, 361, 260, 403, 465, 453, 415, 401, 466, 314, 286, 372, 370, 463, 375, 315, 393, 326, 396, 448, 357, 333, 353, 331, 384, 330, 332, 395, 374, 315, 334, 346, 359, 301, 339, 364, 466, 306, 303, 418, 272, 281, 376, 406, 417, 370, 354, 488, 329, 390, 355, 332, 359, 324, 267, 372, 339, 353, 396, 341, 349, 402, 368, 297, 400, 378, 346, 366, 398, 365, 310, 361, 366, 299, 401, 273]
2019-04-20 19:15:25,284 [INFO] eval
2019-04-20 19:15:26,178 [INFO] eval-acc=0.860
2019-04-20 19:15:26,178 [INFO] fold 1
2019-04-20 19:15:26,292 [INFO] train
2019-04-20 19:15:26,295 [INFO] n-classes=1500
/home/dexter/anaconda2/envs/diora/lib/python3.6/site-packages/sklearn/ensemble/weight_boosting.py:29: DeprecationWarning: numpy.core.umath_tests is an internal NumPy module and should not be imported. It will be removed in a future NumPy release.
  from numpy.core.umath_tests import inner1d
2019-04-20 19:16:02,150 [INFO] start
2019-04-20 19:17:05,754 [INFO] balancing data
2019-04-20 19:17:10,057 [INFO] found 5763 eligible classes
2019-04-20 19:17:10,057 [INFO] downsampled to 2000 classes
2019-04-20 19:17:10,075 [INFO] joining strings
2019-04-20 19:17:10,184 [INFO] tfidf data
2019-04-20 19:17:11,948 [INFO] language-counter=Counter({'python': 18000})
2019-04-20 19:17:11,949 [INFO] fold 0
2019-04-20 19:17:12,558 [INFO] train
2019-04-20 19:17:12,560 [INFO] n-classes=2000
2019-04-20 19:18:16,104 [INFO] depths = [510, 403, 505, 420, 356, 435, 463, 537, 422, 541, 590, 440, 472, 509, 480, 633, 485, 541, 516, 432, 415, 397, 446, 483, 680, 424, 489, 546, 399, 520, 419, 460, 441, 424, 482, 492, 379, 339, 522, 594, 583, 386, 401, 587, 529, 481, 400, 459, 349, 540, 434, 377, 459, 533, 431, 497, 548, 385, 477, 415, 365, 367, 552, 418, 426, 433, 473, 524, 363, 515, 523, 494, 473, 416, 411, 509, 445, 446, 469, 403, 521, 440, 393, 349, 570, 368, 420, 451, 358, 475, 328, 509, 480, 493, 424, 396, 492, 533, 461, 441]
2019-04-20 19:18:17,298 [INFO] leaf-node-counts = [510, 403, 505, 420, 356, 435, 463, 537, 422, 541, 590, 440, 472, 509, 480, 633, 485, 541, 516, 432, 415, 397, 446, 483, 680, 424, 489, 546, 399, 520, 419, 460, 441, 424, 482, 492, 379, 339, 522, 594, 583, 386, 401, 587, 529, 481, 400, 459, 349, 540, 434, 377, 459, 533, 431, 497, 548, 385, 477, 415, 365, 367, 552, 418, 426, 433, 473, 524, 363, 515, 523, 494, 473, 416, 411, 509, 445, 446, 469, 403, 521, 440, 393, 349, 570, 368, 420, 451, 358, 475, 328, 509, 480, 493, 424, 396, 492, 533, 461, 441]
2019-04-20 19:18:17,298 [INFO] eval
