begin
/home/dexter/anaconda2/envs/diora/lib/python3.6/site-packages/sklearn/ensemble/weight_boosting.py:29: DeprecationWarning: numpy.core.umath_tests is an internal NumPy module and should not be imported. It will be removed in a future NumPy release.
  from numpy.core.umath_tests import inner1d
2019-04-20 19:24:37,617 [INFO] start
2019-04-20 19:24:54,924 [INFO] balancing data
2019-04-20 19:24:55,860 [INFO] found 2200 eligible classes
2019-04-20 19:24:55,860 [INFO] downsampled to 50 classes
2019-04-20 19:24:55,862 [INFO] joining strings
2019-04-20 19:24:55,865 [INFO] tfidf data
2019-04-20 19:24:56,477 [INFO] language-counter=Counter({'python': 450})
2019-04-20 19:24:56,477 [INFO] fold 0
2019-04-20 19:24:56,485 [INFO] train
2019-04-20 19:24:56,485 [INFO] n-classes=50
2019-04-20 19:24:56,649 [INFO] depths = [39, 33, 48, 32, 39, 32, 35, 48, 41, 29, 26, 38, 43, 36, 27, 37, 42, 35, 43, 42, 34, 39, 39, 31, 33, 29, 37, 26, 28, 36, 49, 30, 41, 35, 41, 45, 33, 36, 39, 34, 35, 28, 40, 33, 30, 33, 46, 29, 41, 35, 36, 43, 34, 27, 28, 38, 31, 31, 55, 25, 41, 39, 42, 34, 34, 48, 39, 28, 43, 41, 40, 37, 33, 37, 35, 35, 36, 33, 31, 26, 59, 26, 40, 36, 25, 40, 30, 32, 29, 37, 27, 27, 39, 37, 23, 29, 45, 38, 31, 39]
2019-04-20 19:24:56,677 [INFO] leaf-node-counts = [39, 33, 48, 32, 39, 32, 35, 48, 41, 29, 26, 38, 43, 36, 27, 37, 42, 35, 43, 42, 34, 39, 39, 31, 33, 29, 37, 26, 28, 36, 49, 30, 41, 35, 41, 45, 33, 36, 39, 34, 35, 28, 40, 33, 30, 33, 46, 29, 41, 35, 36, 43, 34, 27, 28, 38, 31, 31, 55, 25, 41, 39, 42, 34, 34, 48, 39, 28, 43, 41, 40, 37, 33, 37, 35, 35, 36, 33, 31, 26, 59, 26, 40, 36, 25, 40, 30, 32, 29, 37, 27, 27, 39, 37, 23, 29, 45, 38, 31, 39]
2019-04-20 19:24:56,677 [INFO] eval
2019-04-20 19:24:56,780 [INFO] eval-acc=0.940
2019-04-20 19:24:56,780 [INFO] fold 1
2019-04-20 19:24:56,782 [INFO] train
2019-04-20 19:24:56,782 [INFO] n-classes=50
2019-04-20 19:24:57,054 [INFO] depths = [33, 32, 39, 40, 25, 31, 25, 28, 37, 32, 38, 35, 37, 49, 26, 31, 28, 24, 47, 24, 32, 28, 30, 29, 27, 37, 39, 40, 31, 30, 45, 28, 32, 29, 31, 36, 34, 30, 41, 39, 38, 35, 44, 31, 34, 31, 31, 29, 31, 31, 33, 25, 41, 34, 35, 32, 38, 32, 31, 37, 34, 31, 41, 23, 32, 41, 45, 36, 39, 40, 32, 37, 40, 50, 24, 24, 38, 40, 42, 40, 39, 35, 34, 35, 37, 33, 24, 43, 27, 38, 33, 45, 39, 38, 33, 36, 40, 38, 42, 31]
2019-04-20 19:24:57,083 [INFO] leaf-node-counts = [33, 32, 39, 40, 25, 31, 25, 28, 37, 32, 38, 35, 37, 49, 26, 31, 28, 24, 47, 24, 32, 28, 30, 29, 27, 37, 39, 40, 31, 30, 45, 28, 32, 29, 31, 36, 34, 30, 41, 39, 38, 35, 44, 31, 34, 31, 31, 29, 31, 31, 33, 25, 41, 34, 35, 32, 38, 32, 31, 37, 34, 31, 41, 23, 32, 41, 45, 36, 39, 40, 32, 37, 40, 50, 24, 24, 38, 40, 42, 40, 39, 35, 34, 35, 37, 33, 24, 43, 27, 38, 33, 45, 39, 38, 33, 36, 40, 38, 42, 31]
2019-04-20 19:24:57,083 [INFO] eval
2019-04-20 19:24:57,187 [INFO] eval-acc=1.000
2019-04-20 19:24:57,187 [INFO] fold 2
2019-04-20 19:24:57,189 [INFO] train
2019-04-20 19:24:57,189 [INFO] n-classes=50
2019-04-20 19:24:57,470 [INFO] depths = [32, 50, 34, 33, 27, 36, 34, 46, 38, 32, 31, 28, 36, 41, 25, 39, 39, 45, 30, 27, 29, 48, 30, 26, 32, 32, 35, 49, 28, 37, 43, 26, 31, 36, 41, 33, 47, 35, 35, 43, 28, 45, 35, 34, 39, 29, 37, 30, 25, 42, 28, 32, 24, 32, 40, 34, 41, 28, 31, 35, 36, 24, 31, 37, 36, 32, 29, 42, 40, 32, 29, 31, 34, 40, 28, 37, 36, 32, 35, 44, 34, 34, 42, 42, 36, 26, 29, 34, 32, 35, 30, 26, 43, 38, 33, 38, 41, 33, 28, 31]
2019-04-20 19:24:57,500 [INFO] leaf-node-counts = [32, 50, 34, 33, 27, 36, 34, 46, 38, 32, 31, 28, 36, 41, 25, 39, 39, 45, 30, 27, 29, 48, 30, 26, 32, 32, 35, 49, 28, 37, 43, 26, 31, 36, 41, 33, 47, 35, 35, 43, 28, 45, 35, 34, 39, 29, 37, 30, 25, 42, 28, 32, 24, 32, 40, 34, 41, 28, 31, 35, 36, 24, 31, 37, 36, 32, 29, 42, 40, 32, 29, 31, 34, 40, 28, 37, 36, 32, 35, 44, 34, 34, 42, 42, 36, 26, 29, 34, 32, 35, 30, 26, 43, 38, 33, 38, 41, 33, 28, 31]
2019-04-20 19:24:57,501 [INFO] eval
2019-04-20 19:24:57,604 [INFO] eval-acc=0.980
2019-04-20 19:24:57,604 [INFO] fold 3
2019-04-20 19:24:57,606 [INFO] train
2019-04-20 19:24:57,607 [INFO] n-classes=50
2019-04-20 19:24:57,885 [INFO] depths = [42, 41, 32, 46, 41, 30, 32, 28, 34, 27, 29, 30, 30, 37, 33, 40, 30, 41, 30, 39, 32, 25, 33, 26, 31, 41, 39, 33, 44, 34, 49, 28, 30, 43, 34, 34, 45, 40, 43, 36, 42, 39, 38, 27, 36, 30, 36, 33, 44, 34, 27, 34, 39, 36, 35, 33, 28, 32, 33, 33, 41, 33, 34, 36, 40, 29, 39, 30, 26, 34, 26, 44, 42, 40, 30, 41, 38, 42, 45, 41, 37, 39, 32, 38, 34, 32, 35, 33, 28, 27, 37, 30, 44, 41, 29, 31, 35, 38, 36, 29]
2019-04-20 19:24:57,916 [INFO] leaf-node-counts = [42, 41, 32, 46, 41, 30, 32, 28, 34, 27, 29, 30, 30, 37, 33, 40, 30, 41, 30, 39, 32, 25, 33, 26, 31, 41, 39, 33, 44, 34, 49, 28, 30, 43, 34, 34, 45, 40, 43, 36, 42, 39, 38, 27, 36, 30, 36, 33, 44, 34, 27, 34, 39, 36, 35, 33, 28, 32, 33, 33, 41, 33, 34, 36, 40, 29, 39, 30, 26, 34, 26, 44, 42, 40, 30, 41, 38, 42, 45, 41, 37, 39, 32, 38, 34, 32, 35, 33, 28, 27, 37, 30, 44, 41, 29, 31, 35, 38, 36, 29]
2019-04-20 19:24:57,916 [INFO] eval
2019-04-20 19:24:58,020 [INFO] eval-acc=0.960
2019-04-20 19:24:58,020 [INFO] fold 4
2019-04-20 19:24:58,022 [INFO] train
2019-04-20 19:24:58,022 [INFO] n-classes=50
2019-04-20 19:24:58,301 [INFO] depths = [38, 32, 37, 39, 22, 33, 40, 37, 33, 26, 31, 26, 36, 35, 32, 30, 28, 42, 37, 31, 31, 36, 33, 30, 30, 24, 36, 46, 32, 40, 41, 37, 37, 27, 41, 37, 44, 34, 25, 30, 42, 37, 34, 31, 25, 28, 42, 46, 35, 29, 25, 33, 42, 39, 29, 41, 30, 42, 46, 37, 32, 32, 34, 34, 39, 39, 34, 27, 22, 28, 29, 30, 30, 21, 26, 32, 39, 39, 33, 31, 39, 26, 41, 31, 33, 36, 48, 28, 32, 31, 31, 37, 45, 40, 31, 27, 46, 40, 36, 36]
2019-04-20 19:24:58,331 [INFO] leaf-node-counts = [38, 32, 37, 39, 22, 33, 40, 37, 33, 26, 31, 26, 36, 35, 32, 30, 28, 42, 37, 31, 31, 36, 33, 30, 30, 24, 36, 46, 32, 40, 41, 37, 37, 27, 41, 37, 44, 34, 25, 30, 42, 37, 34, 31, 25, 28, 42, 46, 35, 29, 25, 33, 42, 39, 29, 41, 30, 42, 46, 37, 32, 32, 34, 34, 39, 39, 34, 27, 22, 28, 29, 30, 30, 21, 26, 32, 39, 39, 33, 31, 39, 26, 41, 31, 33, 36, 48, 28, 32, 31, 31, 37, 45, 40, 31, 27, 46, 40, 36, 36]
2019-04-20 19:24:58,331 [INFO] eval
2019-04-20 19:24:58,434 [INFO] eval-acc=1.000
2019-04-20 19:24:58,435 [INFO] fold 5
2019-04-20 19:24:58,437 [INFO] train
2019-04-20 19:24:58,437 [INFO] n-classes=50
2019-04-20 19:24:58,716 [INFO] depths = [43, 38, 24, 32, 45, 34, 37, 29, 35, 29, 35, 38, 32, 33, 35, 26, 32, 30, 50, 47, 43, 42, 36, 28, 27, 33, 37, 27, 37, 27, 30, 40, 32, 39, 40, 31, 39, 35, 47, 34, 44, 41, 30, 21, 35, 36, 39, 33, 34, 41, 28, 35, 35, 24, 32, 40, 33, 33, 32, 36, 36, 32, 39, 42, 37, 33, 42, 32, 42, 39, 43, 37, 35, 40, 28, 32, 40, 21, 33, 33, 44, 38, 40, 33, 27, 24, 23, 37, 50, 36, 32, 34, 37, 32, 39, 27, 34, 46, 31, 25]
2019-04-20 19:24:58,744 [INFO] leaf-node-counts = [43, 38, 24, 32, 45, 34, 37, 29, 35, 29, 35, 38, 32, 33, 35, 26, 32, 30, 50, 47, 43, 42, 36, 28, 27, 33, 37, 27, 37, 27, 30, 40, 32, 39, 40, 31, 39, 35, 47, 34, 44, 41, 30, 21, 35, 36, 39, 33, 34, 41, 28, 35, 35, 24, 32, 40, 33, 33, 32, 36, 36, 32, 39, 42, 37, 33, 42, 32, 42, 39, 43, 37, 35, 40, 28, 32, 40, 21, 33, 33, 44, 38, 40, 33, 27, 24, 23, 37, 50, 36, 32, 34, 37, 32, 39, 27, 34, 46, 31, 25]
2019-04-20 19:24:58,744 [INFO] eval
2019-04-20 19:24:58,847 [INFO] eval-acc=1.000
2019-04-20 19:24:58,848 [INFO] fold 6
2019-04-20 19:24:58,849 [INFO] train
2019-04-20 19:24:58,849 [INFO] n-classes=50
2019-04-20 19:24:59,128 [INFO] depths = [32, 41, 29, 42, 25, 39, 40, 27, 44, 35, 30, 34, 36, 36, 35, 26, 25, 35, 41, 36, 30, 29, 29, 28, 34, 28, 31, 31, 36, 39, 38, 40, 25, 32, 29, 31, 32, 33, 43, 39, 31, 38, 31, 30, 41, 27, 35, 43, 44, 37, 40, 28, 37, 33, 36, 39, 31, 49, 45, 24, 34, 28, 35, 27, 29, 48, 34, 20, 42, 37, 21, 40, 38, 36, 35, 41, 39, 38, 37, 41, 41, 42, 28, 35, 40, 30, 43, 32, 38, 38, 26, 41, 37, 37, 30, 39, 39, 34, 37, 36]
2019-04-20 19:24:59,156 [INFO] leaf-node-counts = [32, 41, 29, 42, 25, 39, 40, 27, 44, 35, 30, 34, 36, 36, 35, 26, 25, 35, 41, 36, 30, 29, 29, 28, 34, 28, 31, 31, 36, 39, 38, 40, 25, 32, 29, 31, 32, 33, 43, 39, 31, 38, 31, 30, 41, 27, 35, 43, 44, 37, 40, 28, 37, 33, 36, 39, 31, 49, 45, 24, 34, 28, 35, 27, 29, 48, 34, 20, 42, 37, 21, 40, 38, 36, 35, 41, 39, 38, 37, 41, 41, 42, 28, 35, 40, 30, 43, 32, 38, 38, 26, 41, 37, 37, 30, 39, 39, 34, 37, 36]
2019-04-20 19:24:59,156 [INFO] eval
2019-04-20 19:24:59,260 [INFO] eval-acc=0.980
2019-04-20 19:24:59,260 [INFO] fold 7
2019-04-20 19:24:59,262 [INFO] train
2019-04-20 19:24:59,262 [INFO] n-classes=50
2019-04-20 19:24:59,542 [INFO] depths = [33, 34, 35, 41, 25, 35, 32, 32, 28, 29, 27, 30, 37, 37, 43, 30, 44, 34, 33, 32, 31, 38, 33, 22, 33, 29, 40, 32, 28, 46, 35, 36, 38, 28, 30, 40, 35, 31, 38, 50, 37, 43, 32, 30, 24, 54, 35, 46, 38, 36, 29, 22, 42, 39, 40, 34, 31, 43, 32, 36, 34, 37, 50, 31, 37, 39, 32, 44, 36, 39, 33, 40, 37, 40, 22, 35, 31, 29, 43, 41, 36, 38, 40, 36, 25, 34, 29, 29, 39, 41, 37, 34, 37, 27, 28, 40, 31, 35, 37, 42]
2019-04-20 19:24:59,571 [INFO] leaf-node-counts = [33, 34, 35, 41, 25, 35, 32, 32, 28, 29, 27, 30, 37, 37, 43, 30, 44, 34, 33, 32, 31, 38, 33, 22, 33, 29, 40, 32, 28, 46, 35, 36, 38, 28, 30, 40, 35, 31, 38, 50, 37, 43, 32, 30, 24, 54, 35, 46, 38, 36, 29, 22, 42, 39, 40, 34, 31, 43, 32, 36, 34, 37, 50, 31, 37, 39, 32, 44, 36, 39, 33, 40, 37, 40, 22, 35, 31, 29, 43, 41, 36, 38, 40, 36, 25, 34, 29, 29, 39, 41, 37, 34, 37, 27, 28, 40, 31, 35, 37, 42]
2019-04-20 19:24:59,571 [INFO] eval
2019-04-20 19:24:59,674 [INFO] eval-acc=0.980
2019-04-20 19:24:59,675 [INFO] fold 8
2019-04-20 19:24:59,677 [INFO] train
2019-04-20 19:24:59,677 [INFO] n-classes=50
2019-04-20 19:24:59,957 [INFO] depths = [30, 45, 36, 36, 42, 41, 28, 38, 39, 30, 47, 30, 31, 34, 36, 36, 30, 37, 31, 32, 29, 37, 39, 32, 42, 32, 46, 35, 27, 38, 33, 20, 39, 32, 40, 34, 47, 32, 45, 37, 24, 47, 44, 23, 28, 35, 32, 42, 32, 39, 29, 30, 36, 26, 33, 33, 37, 36, 34, 24, 39, 37, 37, 46, 43, 27, 48, 39, 29, 43, 26, 33, 35, 34, 35, 38, 22, 26, 32, 28, 45, 34, 36, 45, 27, 31, 46, 38, 38, 37, 33, 36, 34, 37, 29, 35, 45, 34, 26, 38]
2019-04-20 19:24:59,988 [INFO] leaf-node-counts = [30, 45, 36, 36, 42, 41, 28, 38, 39, 30, 47, 30, 31, 34, 36, 36, 30, 37, 31, 32, 29, 37, 39, 32, 42, 32, 46, 35, 27, 38, 33, 20, 39, 32, 40, 34, 47, 32, 45, 37, 24, 47, 44, 23, 28, 35, 32, 42, 32, 39, 29, 30, 36, 26, 33, 33, 37, 36, 34, 24, 39, 37, 37, 46, 43, 27, 48, 39, 29, 43, 26, 33, 35, 34, 35, 38, 22, 26, 32, 28, 45, 34, 36, 45, 27, 31, 46, 38, 38, 37, 33, 36, 34, 37, 29, 35, 45, 34, 26, 38]
2019-04-20 19:24:59,988 [INFO] eval
2019-04-20 19:25:00,091 [INFO] eval-acc=1.000
2019-04-20 19:25:00,092 [INFO] acc-mean=0.982 acc-std=0.020 acc-max=1.000
{"metrics": {"acc_max": 1.0, "acc_mean": 0.9822222222222222, "acc_std": 0.01987615979999815}, "options": {"cutoff": 9, "json_result": true, "max_classes": 50, "max_depth": null, "max_features": 2500, "max_leaf_nodes_scale": null, "n_estimators": 100, "n_jobs": -1, "name": null, "path_c": null, "path_cpp": null, "path_py": "/home/dexter/Downloads/gcj-py-table3.jsonl", "preset_c": "none", "preset_cpp": "none", "preset_py": "none", "seed": 7195887, "show_progress": false, "verbose": false}}
/home/dexter/anaconda2/envs/diora/lib/python3.6/site-packages/sklearn/ensemble/weight_boosting.py:29: DeprecationWarning: numpy.core.umath_tests is an internal NumPy module and should not be imported. It will be removed in a future NumPy release.
  from numpy.core.umath_tests import inner1d
2019-04-20 19:25:03,357 [INFO] start
2019-04-20 19:25:20,526 [INFO] balancing data
2019-04-20 19:25:21,469 [INFO] found 2200 eligible classes
2019-04-20 19:25:21,469 [INFO] downsampled to 100 classes
2019-04-20 19:25:21,472 [INFO] joining strings
2019-04-20 19:25:21,478 [INFO] tfidf data
2019-04-20 19:25:22,128 [INFO] language-counter=Counter({'python': 900})
2019-04-20 19:25:22,129 [INFO] fold 0
2019-04-20 19:25:22,145 [INFO] train
2019-04-20 19:25:22,145 [INFO] n-classes=100
2019-04-20 19:25:22,412 [INFO] depths = [50, 47, 70, 67, 58, 40, 65, 52, 42, 47, 63, 63, 41, 56, 52, 50, 73, 51, 75, 50, 47, 35, 54, 60, 62, 51, 50, 60, 62, 58, 53, 57, 48, 54, 44, 49, 67, 51, 60, 59, 62, 60, 52, 36, 52, 55, 61, 57, 59, 41, 73, 49, 52, 62, 46, 50, 73, 58, 44, 58, 46, 61, 60, 63, 65, 47, 50, 56, 57, 52, 42, 59, 47, 37, 52, 58, 60, 59, 50, 46, 66, 54, 66, 56, 49, 70, 56, 49, 70, 56, 62, 60, 51, 60, 51, 41, 51, 44, 45, 52]
2019-04-20 19:25:22,462 [INFO] leaf-node-counts = [50, 47, 70, 67, 58, 40, 65, 52, 42, 47, 63, 63, 41, 56, 52, 50, 73, 51, 75, 50, 47, 35, 54, 60, 62, 51, 50, 60, 62, 58, 53, 57, 48, 54, 44, 49, 67, 51, 60, 59, 62, 60, 52, 36, 52, 55, 61, 57, 59, 41, 73, 49, 52, 62, 46, 50, 73, 58, 44, 58, 46, 61, 60, 63, 65, 47, 50, 56, 57, 52, 42, 59, 47, 37, 52, 58, 60, 59, 50, 46, 66, 54, 66, 56, 49, 70, 56, 49, 70, 56, 62, 60, 51, 60, 51, 41, 51, 44, 45, 52]
2019-04-20 19:25:22,462 [INFO] eval
2019-04-20 19:25:22,565 [INFO] eval-acc=0.930
2019-04-20 19:25:22,565 [INFO] fold 1
2019-04-20 19:25:22,567 [INFO] train
2019-04-20 19:25:22,567 [INFO] n-classes=100
2019-04-20 19:25:22,844 [INFO] depths = [47, 55, 71, 58, 49, 49, 57, 61, 36, 37, 54, 43, 44, 63, 50, 69, 69, 53, 54, 55, 65, 42, 56, 55, 57, 59, 56, 53, 44, 38, 74, 63, 47, 48, 45, 60, 38, 51, 44, 59, 72, 49, 43, 50, 63, 51, 57, 51, 42, 48, 45, 45, 58, 56, 36, 48, 63, 70, 60, 66, 42, 63, 60, 42, 41, 39, 78, 66, 54, 51, 39, 66, 50, 50, 46, 49, 59, 49, 54, 51, 78, 52, 76, 53, 50, 53, 42, 44, 72, 47, 52, 57, 72, 56, 58, 52, 59, 59, 60, 64]
2019-04-20 19:25:22,892 [INFO] leaf-node-counts = [47, 55, 71, 58, 49, 49, 57, 61, 36, 37, 54, 43, 44, 63, 50, 69, 69, 53, 54, 55, 65, 42, 56, 55, 57, 59, 56, 53, 44, 38, 74, 63, 47, 48, 45, 60, 38, 51, 44, 59, 72, 49, 43, 50, 63, 51, 57, 51, 42, 48, 45, 45, 58, 56, 36, 48, 63, 70, 60, 66, 42, 63, 60, 42, 41, 39, 78, 66, 54, 51, 39, 66, 50, 50, 46, 49, 59, 49, 54, 51, 78, 52, 76, 53, 50, 53, 42, 44, 72, 47, 52, 57, 72, 56, 58, 52, 59, 59, 60, 64]
2019-04-20 19:25:22,892 [INFO] eval
2019-04-20 19:25:22,995 [INFO] eval-acc=0.930
2019-04-20 19:25:22,995 [INFO] fold 2
2019-04-20 19:25:22,997 [INFO] train
2019-04-20 19:25:22,998 [INFO] n-classes=100
2019-04-20 19:25:23,277 [INFO] depths = [42, 65, 57, 65, 40, 57, 68, 48, 42, 44, 53, 51, 57, 56, 55, 61, 65, 57, 52, 57, 68, 59, 48, 65, 52, 63, 53, 56, 55, 39, 56, 56, 62, 84, 50, 47, 45, 55, 56, 47, 42, 51, 52, 40, 64, 57, 63, 50, 38, 48, 41, 70, 52, 59, 67, 56, 80, 52, 78, 50, 46, 49, 47, 50, 43, 42, 61, 62, 55, 62, 51, 46, 52, 58, 54, 54, 47, 59, 48, 55, 70, 51, 48, 49, 49, 56, 57, 43, 56, 55, 54, 37, 69, 49, 45, 36, 59, 49, 80, 48]
2019-04-20 19:25:23,324 [INFO] leaf-node-counts = [42, 65, 57, 65, 40, 57, 68, 48, 42, 44, 53, 51, 57, 56, 55, 61, 65, 57, 52, 57, 68, 59, 48, 65, 52, 63, 53, 56, 55, 39, 56, 56, 62, 84, 50, 47, 45, 55, 56, 47, 42, 51, 52, 40, 64, 57, 63, 50, 38, 48, 41, 70, 52, 59, 67, 56, 80, 52, 78, 50, 46, 49, 47, 50, 43, 42, 61, 62, 55, 62, 51, 46, 52, 58, 54, 54, 47, 59, 48, 55, 70, 51, 48, 49, 49, 56, 57, 43, 56, 55, 54, 37, 69, 49, 45, 36, 59, 49, 80, 48]
2019-04-20 19:25:23,324 [INFO] eval
2019-04-20 19:25:23,427 [INFO] eval-acc=0.920
2019-04-20 19:25:23,427 [INFO] fold 3
2019-04-20 19:25:23,429 [INFO] train
2019-04-20 19:25:23,429 [INFO] n-classes=100
2019-04-20 19:25:23,708 [INFO] depths = [59, 44, 48, 44, 59, 48, 58, 44, 57, 57, 49, 76, 41, 49, 49, 60, 49, 50, 46, 73, 47, 57, 54, 62, 58, 54, 44, 52, 55, 56, 66, 60, 61, 78, 57, 58, 62, 56, 39, 52, 52, 52, 75, 51, 64, 68, 56, 55, 63, 79, 44, 62, 43, 62, 64, 54, 45, 62, 46, 53, 32, 50, 44, 57, 63, 64, 50, 48, 66, 49, 66, 79, 44, 70, 54, 39, 47, 42, 69, 56, 50, 61, 58, 41, 47, 42, 65, 39, 43, 47, 62, 56, 53, 40, 48, 50, 58, 61, 58, 51]
2019-04-20 19:25:23,759 [INFO] leaf-node-counts = [59, 44, 48, 44, 59, 48, 58, 44, 57, 57, 49, 76, 41, 49, 49, 60, 49, 50, 46, 73, 47, 57, 54, 62, 58, 54, 44, 52, 55, 56, 66, 60, 61, 78, 57, 58, 62, 56, 39, 52, 52, 52, 75, 51, 64, 68, 56, 55, 63, 79, 44, 62, 43, 62, 64, 54, 45, 62, 46, 53, 32, 50, 44, 57, 63, 64, 50, 48, 66, 49, 66, 79, 44, 70, 54, 39, 47, 42, 69, 56, 50, 61, 58, 41, 47, 42, 65, 39, 43, 47, 62, 56, 53, 40, 48, 50, 58, 61, 58, 51]
2019-04-20 19:25:23,759 [INFO] eval
2019-04-20 19:25:23,863 [INFO] eval-acc=0.940
2019-04-20 19:25:23,863 [INFO] fold 4
2019-04-20 19:25:23,865 [INFO] train
2019-04-20 19:25:23,866 [INFO] n-classes=100
2019-04-20 19:25:24,143 [INFO] depths = [42, 45, 40, 69, 51, 44, 59, 61, 46, 41, 60, 64, 63, 55, 48, 40, 53, 57, 65, 61, 57, 39, 58, 67, 54, 51, 47, 38, 49, 50, 51, 60, 41, 54, 41, 47, 65, 44, 49, 45, 43, 54, 53, 53, 46, 50, 70, 55, 55, 49, 52, 55, 36, 48, 61, 59, 50, 52, 48, 52, 50, 49, 47, 49, 53, 46, 53, 36, 55, 54, 49, 69, 52, 54, 51, 42, 53, 39, 57, 56, 64, 50, 54, 63, 44, 42, 36, 59, 78, 46, 63, 41, 66, 59, 53, 74, 51, 57, 70, 73]
2019-04-20 19:25:24,191 [INFO] leaf-node-counts = [42, 45, 40, 69, 51, 44, 59, 61, 46, 41, 60, 64, 63, 55, 48, 40, 53, 57, 65, 61, 57, 39, 58, 67, 54, 51, 47, 38, 49, 50, 51, 60, 41, 54, 41, 47, 65, 44, 49, 45, 43, 54, 53, 53, 46, 50, 70, 55, 55, 49, 52, 55, 36, 48, 61, 59, 50, 52, 48, 52, 50, 49, 47, 49, 53, 46, 53, 36, 55, 54, 49, 69, 52, 54, 51, 42, 53, 39, 57, 56, 64, 50, 54, 63, 44, 42, 36, 59, 78, 46, 63, 41, 66, 59, 53, 74, 51, 57, 70, 73]
2019-04-20 19:25:24,191 [INFO] eval
2019-04-20 19:25:24,294 [INFO] eval-acc=0.960
2019-04-20 19:25:24,294 [INFO] fold 5
2019-04-20 19:25:24,297 [INFO] train
2019-04-20 19:25:24,297 [INFO] n-classes=100
2019-04-20 19:25:24,577 [INFO] depths = [64, 47, 67, 50, 56, 49, 51, 51, 43, 44, 52, 67, 68, 46, 41, 59, 64, 52, 50, 54, 53, 42, 57, 40, 57, 41, 55, 51, 48, 49, 43, 57, 57, 56, 63, 59, 60, 47, 36, 55, 67, 56, 54, 55, 55, 49, 66, 71, 50, 74, 48, 61, 70, 64, 66, 69, 56, 55, 37, 39, 50, 57, 41, 55, 53, 61, 61, 51, 48, 67, 43, 55, 43, 51, 44, 46, 61, 42, 55, 60, 69, 48, 65, 62, 56, 45, 59, 60, 53, 52, 47, 67, 53, 55, 72, 39, 62, 47, 80, 64]
2019-04-20 19:25:24,625 [INFO] leaf-node-counts = [64, 47, 67, 50, 56, 49, 51, 51, 43, 44, 52, 67, 68, 46, 41, 59, 64, 52, 50, 54, 53, 42, 57, 40, 57, 41, 55, 51, 48, 49, 43, 57, 57, 56, 63, 59, 60, 47, 36, 55, 67, 56, 54, 55, 55, 49, 66, 71, 50, 74, 48, 61, 70, 64, 66, 69, 56, 55, 37, 39, 50, 57, 41, 55, 53, 61, 61, 51, 48, 67, 43, 55, 43, 51, 44, 46, 61, 42, 55, 60, 69, 48, 65, 62, 56, 45, 59, 60, 53, 52, 47, 67, 53, 55, 72, 39, 62, 47, 80, 64]
2019-04-20 19:25:24,625 [INFO] eval
2019-04-20 19:25:24,728 [INFO] eval-acc=0.950
2019-04-20 19:25:24,729 [INFO] fold 6
2019-04-20 19:25:24,731 [INFO] train
2019-04-20 19:25:24,731 [INFO] n-classes=100
2019-04-20 19:25:25,013 [INFO] depths = [50, 62, 53, 54, 54, 56, 78, 54, 69, 52, 63, 43, 41, 46, 42, 49, 50, 58, 72, 54, 39, 53, 46, 57, 48, 47, 42, 68, 57, 44, 64, 60, 64, 56, 62, 51, 60, 50, 55, 66, 43, 60, 50, 64, 64, 47, 69, 41, 38, 45, 44, 46, 48, 46, 66, 44, 63, 57, 60, 58, 50, 51, 48, 46, 56, 34, 58, 62, 47, 58, 47, 62, 58, 47, 53, 44, 46, 60, 45, 48, 60, 47, 56, 56, 61, 71, 41, 58, 68, 68, 49, 44, 57, 53, 56, 58, 61, 50, 54, 59]
2019-04-20 19:25:25,063 [INFO] leaf-node-counts = [50, 62, 53, 54, 54, 56, 78, 54, 69, 52, 63, 43, 41, 46, 42, 49, 50, 58, 72, 54, 39, 53, 46, 57, 48, 47, 42, 68, 57, 44, 64, 60, 64, 56, 62, 51, 60, 50, 55, 66, 43, 60, 50, 64, 64, 47, 69, 41, 38, 45, 44, 46, 48, 46, 66, 44, 63, 57, 60, 58, 50, 51, 48, 46, 56, 34, 58, 62, 47, 58, 47, 62, 58, 47, 53, 44, 46, 60, 45, 48, 60, 47, 56, 56, 61, 71, 41, 58, 68, 68, 49, 44, 57, 53, 56, 58, 61, 50, 54, 59]
2019-04-20 19:25:25,063 [INFO] eval
2019-04-20 19:25:25,166 [INFO] eval-acc=0.960
2019-04-20 19:25:25,166 [INFO] fold 7
2019-04-20 19:25:25,169 [INFO] train
2019-04-20 19:25:25,169 [INFO] n-classes=100
2019-04-20 19:25:25,445 [INFO] depths = [59, 55, 83, 68, 51, 49, 53, 82, 45, 47, 44, 55, 45, 52, 64, 72, 64, 44, 69, 56, 39, 43, 55, 42, 47, 45, 54, 35, 62, 53, 74, 56, 47, 65, 51, 43, 50, 53, 43, 55, 42, 51, 59, 46, 54, 37, 69, 62, 50, 43, 55, 46, 39, 59, 65, 57, 53, 66, 61, 53, 51, 49, 52, 55, 48, 49, 45, 37, 63, 64, 43, 50, 52, 48, 51, 43, 68, 48, 48, 61, 44, 51, 78, 63, 40, 52, 63, 59, 52, 46, 63, 53, 45, 48, 50, 34, 63, 52, 47, 58]
2019-04-20 19:25:25,495 [INFO] leaf-node-counts = [59, 55, 83, 68, 51, 49, 53, 82, 45, 47, 44, 55, 45, 52, 64, 72, 64, 44, 69, 56, 39, 43, 55, 42, 47, 45, 54, 35, 62, 53, 74, 56, 47, 65, 51, 43, 50, 53, 43, 55, 42, 51, 59, 46, 54, 37, 69, 62, 50, 43, 55, 46, 39, 59, 65, 57, 53, 66, 61, 53, 51, 49, 52, 55, 48, 49, 45, 37, 63, 64, 43, 50, 52, 48, 51, 43, 68, 48, 48, 61, 44, 51, 78, 63, 40, 52, 63, 59, 52, 46, 63, 53, 45, 48, 50, 34, 63, 52, 47, 58]
2019-04-20 19:25:25,495 [INFO] eval
2019-04-20 19:25:25,598 [INFO] eval-acc=0.950
2019-04-20 19:25:25,599 [INFO] fold 8
2019-04-20 19:25:25,601 [INFO] train
2019-04-20 19:25:25,601 [INFO] n-classes=100
2019-04-20 19:25:25,881 [INFO] depths = [43, 43, 51, 65, 40, 61, 57, 62, 53, 45, 64, 52, 39, 49, 68, 54, 62, 45, 50, 49, 47, 52, 63, 45, 65, 56, 69, 45, 52, 55, 65, 62, 57, 45, 59, 45, 55, 36, 61, 46, 49, 62, 62, 48, 57, 59, 64, 68, 55, 51, 63, 43, 54, 40, 73, 41, 62, 64, 59, 68, 61, 54, 52, 46, 57, 48, 51, 57, 54, 46, 43, 60, 61, 52, 43, 50, 63, 51, 42, 70, 62, 53, 59, 67, 37, 74, 51, 50, 50, 62, 50, 38, 39, 61, 59, 44, 47, 36, 51, 60]
2019-04-20 19:25:25,928 [INFO] leaf-node-counts = [43, 43, 51, 65, 40, 61, 57, 62, 53, 45, 64, 52, 39, 49, 68, 54, 62, 45, 50, 49, 47, 52, 63, 45, 65, 56, 69, 45, 52, 55, 65, 62, 57, 45, 59, 45, 55, 36, 61, 46, 49, 62, 62, 48, 57, 59, 64, 68, 55, 51, 63, 43, 54, 40, 73, 41, 62, 64, 59, 68, 61, 54, 52, 46, 57, 48, 51, 57, 54, 46, 43, 60, 61, 52, 43, 50, 63, 51, 42, 70, 62, 53, 59, 67, 37, 74, 51, 50, 50, 62, 50, 38, 39, 61, 59, 44, 47, 36, 51, 60]
2019-04-20 19:25:25,928 [INFO] eval
2019-04-20 19:25:26,032 [INFO] eval-acc=0.940
2019-04-20 19:25:26,037 [INFO] acc-mean=0.942 acc-std=0.013 acc-max=0.960
{"metrics": {"acc_max": 0.96, "acc_mean": 0.9422222222222221, "acc_std": 0.01314684396244356}, "options": {"cutoff": 9, "json_result": true, "max_classes": 100, "max_depth": null, "max_features": 2500, "max_leaf_nodes_scale": null, "n_estimators": 100, "n_jobs": -1, "name": null, "path_c": null, "path_cpp": null, "path_py": "/home/dexter/Downloads/gcj-py-table3.jsonl", "preset_c": "none", "preset_cpp": "none", "preset_py": "none", "seed": 2446536, "show_progress": false, "verbose": false}}
/home/dexter/anaconda2/envs/diora/lib/python3.6/site-packages/sklearn/ensemble/weight_boosting.py:29: DeprecationWarning: numpy.core.umath_tests is an internal NumPy module and should not be imported. It will be removed in a future NumPy release.
  from numpy.core.umath_tests import inner1d
2019-04-20 19:25:29,287 [INFO] start
2019-04-20 19:25:46,643 [INFO] balancing data
2019-04-20 19:25:47,589 [INFO] found 2200 eligible classes
2019-04-20 19:25:47,590 [INFO] downsampled to 150 classes
2019-04-20 19:25:47,592 [INFO] joining strings
2019-04-20 19:25:47,600 [INFO] tfidf data
2019-04-20 19:25:48,292 [INFO] language-counter=Counter({'python': 1350})
2019-04-20 19:25:48,292 [INFO] fold 0
2019-04-20 19:25:48,317 [INFO] train
2019-04-20 19:25:48,317 [INFO] n-classes=150
2019-04-20 19:25:48,584 [INFO] depths = [75, 72, 77, 75, 67, 88, 64, 80, 75, 77, 74, 89, 62, 68, 69, 72, 64, 57, 61, 89, 65, 72, 70, 63, 82, 78, 70, 70, 93, 67, 76, 81, 67, 65, 65, 84, 74, 81, 69, 55, 75, 76, 55, 74, 80, 63, 70, 74, 56, 65, 73, 77, 80, 85, 72, 90, 58, 77, 72, 77, 64, 67, 66, 79, 67, 81, 69, 67, 87, 76, 87, 67, 70, 59, 63, 82, 63, 65, 78, 83, 65, 50, 97, 67, 67, 64, 72, 68, 61, 49, 71, 65, 49, 66, 72, 65, 65, 54, 67, 61]
2019-04-20 19:25:48,653 [INFO] leaf-node-counts = [75, 72, 77, 75, 67, 88, 64, 80, 75, 77, 74, 89, 62, 68, 69, 72, 64, 57, 61, 89, 65, 72, 70, 63, 82, 78, 70, 70, 93, 67, 76, 81, 67, 65, 65, 84, 74, 81, 69, 55, 75, 76, 55, 74, 80, 63, 70, 74, 56, 65, 73, 77, 80, 85, 72, 90, 58, 77, 72, 77, 64, 67, 66, 79, 67, 81, 69, 67, 87, 76, 87, 67, 70, 59, 63, 82, 63, 65, 78, 83, 65, 50, 97, 67, 67, 64, 72, 68, 61, 49, 71, 65, 49, 66, 72, 65, 65, 54, 67, 61]
2019-04-20 19:25:48,653 [INFO] eval
2019-04-20 19:25:48,756 [INFO] eval-acc=0.927
2019-04-20 19:25:48,756 [INFO] fold 1
2019-04-20 19:25:48,759 [INFO] train
2019-04-20 19:25:48,759 [INFO] n-classes=150
2019-04-20 19:25:49,035 [INFO] depths = [66, 64, 73, 68, 60, 56, 51, 74, 74, 74, 68, 84, 54, 58, 69, 73, 71, 97, 74, 85, 67, 77, 72, 89, 67, 67, 58, 78, 90, 59, 71, 54, 62, 61, 89, 82, 80, 82, 71, 75, 97, 53, 84, 72, 62, 76, 66, 65, 56, 87, 77, 69, 99, 77, 90, 76, 84, 60, 91, 60, 77, 67, 69, 101, 75, 66, 77, 68, 70, 79, 81, 57, 72, 68, 71, 84, 61, 73, 65, 74, 83, 58, 71, 71, 64, 80, 95, 84, 82, 76, 68, 68, 83, 99, 74, 54, 71, 77, 72, 67]
2019-04-20 19:25:49,104 [INFO] leaf-node-counts = [66, 64, 73, 68, 60, 56, 51, 74, 74, 74, 68, 84, 54, 58, 69, 73, 71, 97, 74, 85, 67, 77, 72, 89, 67, 67, 58, 78, 90, 59, 71, 54, 62, 61, 89, 82, 80, 82, 71, 75, 97, 53, 84, 72, 62, 76, 66, 65, 56, 87, 77, 69, 99, 77, 90, 76, 84, 60, 91, 60, 77, 67, 69, 101, 75, 66, 77, 68, 70, 79, 81, 57, 72, 68, 71, 84, 61, 73, 65, 74, 83, 58, 71, 71, 64, 80, 95, 84, 82, 76, 68, 68, 83, 99, 74, 54, 71, 77, 72, 67]
2019-04-20 19:25:49,104 [INFO] eval
2019-04-20 19:25:49,207 [INFO] eval-acc=0.960
2019-04-20 19:25:49,207 [INFO] fold 2
2019-04-20 19:25:49,210 [INFO] train
2019-04-20 19:25:49,210 [INFO] n-classes=150
2019-04-20 19:25:49,490 [INFO] depths = [75, 62, 59, 92, 83, 80, 83, 59, 60, 67, 82, 83, 51, 74, 57, 67, 74, 88, 92, 82, 111, 84, 77, 66, 82, 71, 66, 79, 67, 97, 82, 89, 85, 53, 74, 84, 61, 78, 83, 79, 68, 77, 66, 69, 70, 73, 72, 84, 96, 82, 89, 57, 62, 84, 67, 65, 66, 69, 77, 84, 98, 59, 57, 83, 59, 77, 63, 64, 99, 74, 79, 74, 62, 69, 71, 70, 66, 53, 78, 69, 94, 82, 66, 52, 71, 78, 76, 72, 80, 74, 71, 81, 71, 98, 80, 55, 78, 78, 82, 53]
2019-04-20 19:25:49,553 [INFO] leaf-node-counts = [75, 62, 59, 92, 83, 80, 83, 59, 60, 67, 82, 83, 51, 74, 57, 67, 74, 88, 92, 82, 111, 84, 77, 66, 82, 71, 66, 79, 67, 97, 82, 89, 85, 53, 74, 84, 61, 78, 83, 79, 68, 77, 66, 69, 70, 73, 72, 84, 96, 82, 89, 57, 62, 84, 67, 65, 66, 69, 77, 84, 98, 59, 57, 83, 59, 77, 63, 64, 99, 74, 79, 74, 62, 69, 71, 70, 66, 53, 78, 69, 94, 82, 66, 52, 71, 78, 76, 72, 80, 74, 71, 81, 71, 98, 80, 55, 78, 78, 82, 53]
2019-04-20 19:25:49,553 [INFO] eval
2019-04-20 19:25:49,656 [INFO] eval-acc=0.947
2019-04-20 19:25:49,657 [INFO] fold 3
2019-04-20 19:25:49,659 [INFO] train
2019-04-20 19:25:49,660 [INFO] n-classes=150
2019-04-20 19:25:49,945 [INFO] depths = [62, 50, 77, 73, 73, 89, 69, 65, 72, 77, 51, 66, 71, 60, 68, 58, 61, 61, 86, 93, 67, 60, 81, 85, 67, 65, 69, 61, 80, 91, 54, 59, 71, 61, 78, 57, 72, 97, 80, 65, 78, 59, 60, 67, 66, 85, 84, 61, 85, 89, 79, 60, 61, 78, 88, 95, 100, 62, 68, 73, 75, 73, 53, 85, 55, 79, 80, 46, 111, 93, 59, 68, 89, 50, 68, 72, 70, 74, 74, 58, 68, 62, 75, 70, 72, 56, 61, 60, 70, 58, 79, 64, 73, 54, 74, 65, 59, 56, 68, 79]
2019-04-20 19:25:50,008 [INFO] leaf-node-counts = [62, 50, 77, 73, 73, 89, 69, 65, 72, 77, 51, 66, 71, 60, 68, 58, 61, 61, 86, 93, 67, 60, 81, 85, 67, 65, 69, 61, 80, 91, 54, 59, 71, 61, 78, 57, 72, 97, 80, 65, 78, 59, 60, 67, 66, 85, 84, 61, 85, 89, 79, 60, 61, 78, 88, 95, 100, 62, 68, 73, 75, 73, 53, 85, 55, 79, 80, 46, 111, 93, 59, 68, 89, 50, 68, 72, 70, 74, 74, 58, 68, 62, 75, 70, 72, 56, 61, 60, 70, 58, 79, 64, 73, 54, 74, 65, 59, 56, 68, 79]
2019-04-20 19:25:50,008 [INFO] eval
2019-04-20 19:25:50,111 [INFO] eval-acc=0.967
2019-04-20 19:25:50,111 [INFO] fold 4
2019-04-20 19:25:50,114 [INFO] train
2019-04-20 19:25:50,115 [INFO] n-classes=150
2019-04-20 19:25:50,388 [INFO] depths = [75, 69, 66, 61, 65, 77, 81, 68, 71, 59, 66, 60, 67, 92, 58, 71, 73, 73, 80, 83, 56, 69, 62, 61, 70, 54, 85, 86, 74, 83, 73, 75, 78, 72, 71, 81, 67, 89, 60, 54, 84, 80, 87, 57, 71, 88, 88, 76, 66, 73, 64, 56, 82, 82, 48, 62, 98, 69, 61, 77, 67, 72, 95, 67, 65, 83, 90, 69, 79, 66, 72, 77, 94, 78, 60, 81, 71, 69, 64, 86, 72, 71, 66, 91, 77, 89, 81, 77, 54, 68, 61, 61, 72, 79, 93, 66, 62, 51, 56, 71]
2019-04-20 19:25:50,451 [INFO] leaf-node-counts = [75, 69, 66, 61, 65, 77, 81, 68, 71, 59, 66, 60, 67, 92, 58, 71, 73, 73, 80, 83, 56, 69, 62, 61, 70, 54, 85, 86, 74, 83, 73, 75, 78, 72, 71, 81, 67, 89, 60, 54, 84, 80, 87, 57, 71, 88, 88, 76, 66, 73, 64, 56, 82, 82, 48, 62, 98, 69, 61, 77, 67, 72, 95, 67, 65, 83, 90, 69, 79, 66, 72, 77, 94, 78, 60, 81, 71, 69, 64, 86, 72, 71, 66, 91, 77, 89, 81, 77, 54, 68, 61, 61, 72, 79, 93, 66, 62, 51, 56, 71]
2019-04-20 19:25:50,452 [INFO] eval
2019-04-20 19:25:50,555 [INFO] eval-acc=0.913
2019-04-20 19:25:50,555 [INFO] fold 5
2019-04-20 19:25:50,558 [INFO] train
2019-04-20 19:25:50,558 [INFO] n-classes=150
2019-04-20 19:25:50,834 [INFO] depths = [90, 70, 71, 53, 66, 69, 77, 88, 82, 65, 54, 73, 74, 80, 61, 81, 74, 72, 73, 78, 70, 57, 69, 68, 87, 56, 81, 65, 70, 68, 75, 80, 85, 65, 73, 74, 58, 82, 62, 77, 78, 79, 80, 69, 72, 76, 53, 80, 75, 77, 74, 69, 85, 89, 70, 64, 77, 62, 63, 68, 71, 75, 54, 92, 76, 86, 53, 95, 67, 51, 73, 61, 81, 82, 78, 62, 55, 69, 49, 71, 58, 68, 71, 76, 78, 56, 105, 89, 57, 83, 82, 60, 84, 74, 57, 57, 66, 83, 71, 90]
2019-04-20 19:25:50,898 [INFO] leaf-node-counts = [90, 70, 71, 53, 66, 69, 77, 88, 82, 65, 54, 73, 74, 80, 61, 81, 74, 72, 73, 78, 70, 57, 69, 68, 87, 56, 81, 65, 70, 68, 75, 80, 85, 65, 73, 74, 58, 82, 62, 77, 78, 79, 80, 69, 72, 76, 53, 80, 75, 77, 74, 69, 85, 89, 70, 64, 77, 62, 63, 68, 71, 75, 54, 92, 76, 86, 53, 95, 67, 51, 73, 61, 81, 82, 78, 62, 55, 69, 49, 71, 58, 68, 71, 76, 78, 56, 105, 89, 57, 83, 82, 60, 84, 74, 57, 57, 66, 83, 71, 90]
2019-04-20 19:25:50,898 [INFO] eval
2019-04-20 19:25:51,001 [INFO] eval-acc=0.927
2019-04-20 19:25:51,001 [INFO] fold 6
2019-04-20 19:25:51,004 [INFO] train
2019-04-20 19:25:51,004 [INFO] n-classes=150
2019-04-20 19:25:51,289 [INFO] depths = [87, 68, 50, 76, 68, 69, 74, 78, 82, 67, 72, 87, 60, 68, 61, 72, 68, 92, 78, 64, 59, 75, 51, 76, 85, 56, 79, 81, 85, 84, 72, 75, 73, 77, 73, 83, 80, 62, 59, 58, 86, 72, 71, 83, 63, 77, 51, 85, 73, 82, 64, 60, 60, 91, 93, 55, 93, 76, 69, 70, 64, 88, 57, 84, 64, 82, 61, 91, 91, 82, 102, 69, 86, 78, 87, 72, 76, 60, 67, 69, 63, 88, 72, 75, 80, 84, 74, 59, 65, 79, 68, 53, 85, 88, 67, 76, 72, 61, 70, 48]
2019-04-20 19:25:51,357 [INFO] leaf-node-counts = [87, 68, 50, 76, 68, 69, 74, 78, 82, 67, 72, 87, 60, 68, 61, 72, 68, 92, 78, 64, 59, 75, 51, 76, 85, 56, 79, 81, 85, 84, 72, 75, 73, 77, 73, 83, 80, 62, 59, 58, 86, 72, 71, 83, 63, 77, 51, 85, 73, 82, 64, 60, 60, 91, 93, 55, 93, 76, 69, 70, 64, 88, 57, 84, 64, 82, 61, 91, 91, 82, 102, 69, 86, 78, 87, 72, 76, 60, 67, 69, 63, 88, 72, 75, 80, 84, 74, 59, 65, 79, 68, 53, 85, 88, 67, 76, 72, 61, 70, 48]
2019-04-20 19:25:51,357 [INFO] eval
2019-04-20 19:25:51,460 [INFO] eval-acc=0.967
2019-04-20 19:25:51,460 [INFO] fold 7
2019-04-20 19:25:51,463 [INFO] train
2019-04-20 19:25:51,463 [INFO] n-classes=150
2019-04-20 19:25:51,750 [INFO] depths = [46, 72, 84, 69, 74, 84, 59, 77, 70, 58, 73, 58, 63, 65, 50, 65, 75, 68, 64, 78, 64, 69, 91, 66, 74, 78, 91, 67, 63, 81, 61, 58, 76, 72, 59, 71, 63, 80, 70, 78, 81, 86, 82, 71, 67, 66, 61, 89, 73, 65, 82, 49, 98, 82, 84, 78, 80, 72, 63, 80, 91, 67, 109, 90, 78, 60, 77, 74, 83, 69, 91, 91, 82, 67, 86, 78, 79, 68, 64, 68, 75, 66, 81, 58, 76, 72, 70, 77, 69, 59, 66, 58, 104, 67, 76, 63, 49, 89, 84, 46]
2019-04-20 19:25:51,818 [INFO] leaf-node-counts = [46, 72, 84, 69, 74, 84, 59, 77, 70, 58, 73, 58, 63, 65, 50, 65, 75, 68, 64, 78, 64, 69, 91, 66, 74, 78, 91, 67, 63, 81, 61, 58, 76, 72, 59, 71, 63, 80, 70, 78, 81, 86, 82, 71, 67, 66, 61, 89, 73, 65, 82, 49, 98, 82, 84, 78, 80, 72, 63, 80, 91, 67, 109, 90, 78, 60, 77, 74, 83, 69, 91, 91, 82, 67, 86, 78, 79, 68, 64, 68, 75, 66, 81, 58, 76, 72, 70, 77, 69, 59, 66, 58, 104, 67, 76, 63, 49, 89, 84, 46]
2019-04-20 19:25:51,818 [INFO] eval
2019-04-20 19:25:51,921 [INFO] eval-acc=0.953
2019-04-20 19:25:51,921 [INFO] fold 8
2019-04-20 19:25:51,923 [INFO] train
2019-04-20 19:25:51,923 [INFO] n-classes=150
2019-04-20 19:25:52,206 [INFO] depths = [79, 62, 67, 74, 78, 67, 71, 82, 56, 80, 67, 74, 64, 70, 57, 83, 80, 62, 67, 82, 66, 83, 66, 47, 80, 49, 73, 74, 74, 59, 69, 64, 88, 97, 61, 74, 60, 61, 51, 87, 93, 71, 54, 92, 70, 66, 58, 67, 62, 61, 57, 74, 81, 63, 50, 78, 88, 67, 69, 77, 63, 60, 88, 77, 71, 90, 74, 66, 74, 79, 66, 93, 60, 84, 61, 94, 77, 74, 52, 53, 51, 82, 61, 98, 73, 74, 82, 84, 67, 68, 72, 51, 84, 81, 105, 62, 73, 44, 78, 65]
2019-04-20 19:25:52,276 [INFO] leaf-node-counts = [79, 62, 67, 74, 78, 67, 71, 82, 56, 80, 67, 74, 64, 70, 57, 83, 80, 62, 67, 82, 66, 83, 66, 47, 80, 49, 73, 74, 74, 59, 69, 64, 88, 97, 61, 74, 60, 61, 51, 87, 93, 71, 54, 92, 70, 66, 58, 67, 62, 61, 57, 74, 81, 63, 50, 78, 88, 67, 69, 77, 63, 60, 88, 77, 71, 90, 74, 66, 74, 79, 66, 93, 60, 84, 61, 94, 77, 74, 52, 53, 51, 82, 61, 98, 73, 74, 82, 84, 67, 68, 72, 51, 84, 81, 105, 62, 73, 44, 78, 65]
2019-04-20 19:25:52,276 [INFO] eval
2019-04-20 19:25:52,379 [INFO] eval-acc=0.927
2019-04-20 19:25:52,389 [INFO] acc-mean=0.943 acc-std=0.019 acc-max=0.967
{"metrics": {"acc_max": 0.9666666666666667, "acc_mean": 0.9429629629629629, "acc_std": 0.018885257457751062}, "options": {"cutoff": 9, "json_result": true, "max_classes": 150, "max_depth": null, "max_features": 2500, "max_leaf_nodes_scale": null, "n_estimators": 100, "n_jobs": -1, "name": null, "path_c": null, "path_cpp": null, "path_py": "/home/dexter/Downloads/gcj-py-table3.jsonl", "preset_c": "none", "preset_cpp": "none", "preset_py": "none", "seed": 3832422, "show_progress": false, "verbose": false}}
/home/dexter/anaconda2/envs/diora/lib/python3.6/site-packages/sklearn/ensemble/weight_boosting.py:29: DeprecationWarning: numpy.core.umath_tests is an internal NumPy module and should not be imported. It will be removed in a future NumPy release.
  from numpy.core.umath_tests import inner1d
2019-04-20 19:25:55,563 [INFO] start
2019-04-20 19:26:12,702 [INFO] balancing data
2019-04-20 19:26:13,631 [INFO] found 2200 eligible classes
2019-04-20 19:26:13,631 [INFO] downsampled to 300 classes
2019-04-20 19:26:13,635 [INFO] joining strings
2019-04-20 19:26:13,650 [INFO] tfidf data
2019-04-20 19:26:14,456 [INFO] language-counter=Counter({'python': 2700})
2019-04-20 19:26:14,457 [INFO] fold 0
2019-04-20 19:26:14,509 [INFO] train
2019-04-20 19:26:14,509 [INFO] n-classes=300
2019-04-20 19:26:15,274 [INFO] depths = [111, 93, 109, 114, 83, 75, 95, 100, 80, 113, 92, 122, 145, 109, 109, 108, 100, 99, 114, 95, 91, 119, 112, 108, 111, 104, 128, 79, 73, 99, 113, 99, 74, 124, 122, 146, 106, 118, 96, 92, 116, 114, 108, 104, 112, 106, 122, 102, 111, 91, 85, 99, 115, 130, 98, 101, 112, 106, 125, 116, 98, 109, 92, 79, 109, 127, 122, 99, 124, 133, 89, 94, 100, 118, 106, 118, 85, 107, 89, 108, 100, 110, 102, 113, 149, 121, 125, 125, 77, 133, 133, 97, 131, 125, 113, 99, 130, 110, 119, 124]
2019-04-20 19:26:15,405 [INFO] leaf-node-counts = [111, 93, 109, 114, 83, 75, 95, 100, 80, 113, 92, 122, 145, 109, 109, 108, 100, 99, 114, 95, 91, 119, 112, 108, 111, 104, 128, 79, 73, 99, 113, 99, 74, 124, 122, 146, 106, 118, 96, 92, 116, 114, 108, 104, 112, 106, 122, 102, 111, 91, 85, 99, 115, 130, 98, 101, 112, 106, 125, 116, 98, 109, 92, 79, 109, 127, 122, 99, 124, 133, 89, 94, 100, 118, 106, 118, 85, 107, 89, 108, 100, 110, 102, 113, 149, 121, 125, 125, 77, 133, 133, 97, 131, 125, 113, 99, 130, 110, 119, 124]
2019-04-20 19:26:15,405 [INFO] eval
2019-04-20 19:26:15,509 [INFO] eval-acc=0.923
2019-04-20 19:26:15,509 [INFO] fold 1
2019-04-20 19:26:15,512 [INFO] train
2019-04-20 19:26:15,513 [INFO] n-classes=300
2019-04-20 19:26:16,302 [INFO] depths = [100, 81, 111, 110, 90, 82, 86, 104, 97, 94, 96, 103, 96, 130, 83, 103, 118, 103, 128, 119, 84, 110, 103, 113, 85, 119, 101, 88, 96, 117, 122, 85, 75, 116, 111, 152, 105, 121, 89, 102, 111, 119, 106, 91, 98, 113, 84, 101, 111, 92, 100, 103, 119, 123, 115, 98, 121, 123, 116, 115, 119, 104, 100, 106, 93, 132, 110, 147, 126, 89, 99, 109, 133, 140, 131, 131, 93, 85, 107, 120, 103, 115, 126, 105, 118, 98, 88, 84, 92, 93, 80, 113, 129, 93, 74, 122, 115, 79, 116, 117]
2019-04-20 19:26:16,426 [INFO] leaf-node-counts = [100, 81, 111, 110, 90, 82, 86, 104, 97, 94, 96, 103, 96, 130, 83, 103, 118, 103, 128, 119, 84, 110, 103, 113, 85, 119, 101, 88, 96, 117, 122, 85, 75, 116, 111, 152, 105, 121, 89, 102, 111, 119, 106, 91, 98, 113, 84, 101, 111, 92, 100, 103, 119, 123, 115, 98, 121, 123, 116, 115, 119, 104, 100, 106, 93, 132, 110, 147, 126, 89, 99, 109, 133, 140, 131, 131, 93, 85, 107, 120, 103, 115, 126, 105, 118, 98, 88, 84, 92, 93, 80, 113, 129, 93, 74, 122, 115, 79, 116, 117]
2019-04-20 19:26:16,426 [INFO] eval
2019-04-20 19:26:16,530 [INFO] eval-acc=0.927
2019-04-20 19:26:16,530 [INFO] fold 2
2019-04-20 19:26:16,534 [INFO] train
2019-04-20 19:26:16,535 [INFO] n-classes=300
2019-04-20 19:26:17,320 [INFO] depths = [135, 90, 102, 92, 123, 107, 76, 103, 94, 102, 105, 100, 90, 92, 98, 117, 107, 94, 120, 82, 136, 89, 110, 103, 91, 99, 116, 127, 97, 105, 133, 122, 96, 100, 102, 115, 112, 102, 94, 101, 128, 116, 105, 105, 108, 118, 109, 85, 98, 94, 122, 98, 113, 100, 124, 122, 117, 121, 99, 120, 125, 106, 105, 145, 126, 129, 107, 116, 111, 145, 111, 120, 130, 106, 116, 82, 121, 102, 107, 99, 83, 125, 110, 128, 133, 122, 106, 114, 135, 90, 116, 103, 112, 108, 123, 106, 90, 117, 95, 77]
2019-04-20 19:26:17,443 [INFO] leaf-node-counts = [135, 90, 102, 92, 123, 107, 76, 103, 94, 102, 105, 100, 90, 92, 98, 117, 107, 94, 120, 82, 136, 89, 110, 103, 91, 99, 116, 127, 97, 105, 133, 122, 96, 100, 102, 115, 112, 102, 94, 101, 128, 116, 105, 105, 108, 118, 109, 85, 98, 94, 122, 98, 113, 100, 124, 122, 117, 121, 99, 120, 125, 106, 105, 145, 126, 129, 107, 116, 111, 145, 111, 120, 130, 106, 116, 82, 121, 102, 107, 99, 83, 125, 110, 128, 133, 122, 106, 114, 135, 90, 116, 103, 112, 108, 123, 106, 90, 117, 95, 77]
2019-04-20 19:26:17,443 [INFO] eval
2019-04-20 19:26:17,546 [INFO] eval-acc=0.943
2019-04-20 19:26:17,546 [INFO] fold 3
2019-04-20 19:26:17,548 [INFO] train
2019-04-20 19:26:17,548 [INFO] n-classes=300
2019-04-20 19:26:18,329 [INFO] depths = [110, 111, 96, 99, 75, 82, 90, 120, 130, 108, 109, 101, 81, 101, 127, 111, 95, 104, 114, 105, 123, 87, 116, 120, 127, 91, 101, 133, 97, 121, 142, 102, 92, 116, 88, 92, 108, 98, 93, 91, 88, 98, 102, 119, 122, 125, 106, 95, 105, 121, 79, 82, 114, 110, 99, 124, 119, 97, 141, 99, 101, 97, 99, 91, 128, 76, 127, 127, 103, 123, 103, 111, 117, 120, 109, 83, 95, 109, 83, 110, 103, 91, 91, 108, 143, 94, 135, 140, 122, 100, 117, 111, 108, 101, 105, 102, 109, 112, 145, 111]
2019-04-20 19:26:18,452 [INFO] leaf-node-counts = [110, 111, 96, 99, 75, 82, 90, 120, 130, 108, 109, 101, 81, 101, 127, 111, 95, 104, 114, 105, 123, 87, 116, 120, 127, 91, 101, 133, 97, 121, 142, 102, 92, 116, 88, 92, 108, 98, 93, 91, 88, 98, 102, 119, 122, 125, 106, 95, 105, 121, 79, 82, 114, 110, 99, 124, 119, 97, 141, 99, 101, 97, 99, 91, 128, 76, 127, 127, 103, 123, 103, 111, 117, 120, 109, 83, 95, 109, 83, 110, 103, 91, 91, 108, 143, 94, 135, 140, 122, 100, 117, 111, 108, 101, 105, 102, 109, 112, 145, 111]
2019-04-20 19:26:18,453 [INFO] eval
2019-04-20 19:26:18,557 [INFO] eval-acc=0.943
2019-04-20 19:26:18,557 [INFO] fold 4
2019-04-20 19:26:18,560 [INFO] train
2019-04-20 19:26:18,561 [INFO] n-classes=300
2019-04-20 19:26:19,347 [INFO] depths = [129, 115, 119, 145, 101, 111, 93, 112, 111, 112, 91, 101, 131, 119, 119, 119, 89, 142, 105, 107, 108, 95, 109, 116, 108, 127, 101, 133, 97, 89, 111, 86, 110, 94, 123, 120, 107, 96, 95, 120, 110, 85, 96, 104, 95, 88, 124, 119, 103, 123, 91, 94, 119, 97, 137, 121, 88, 107, 127, 111, 99, 118, 98, 110, 86, 125, 110, 115, 114, 99, 110, 113, 124, 124, 100, 135, 115, 111, 115, 115, 129, 97, 105, 83, 100, 115, 143, 129, 103, 101, 134, 96, 116, 103, 111, 92, 109, 114, 124, 94]
2019-04-20 19:26:19,469 [INFO] leaf-node-counts = [129, 115, 119, 145, 101, 111, 93, 112, 111, 112, 91, 101, 131, 119, 119, 119, 89, 142, 105, 107, 108, 95, 109, 116, 108, 127, 101, 133, 97, 89, 111, 86, 110, 94, 123, 120, 107, 96, 95, 120, 110, 85, 96, 104, 95, 88, 124, 119, 103, 123, 91, 94, 119, 97, 137, 121, 88, 107, 127, 111, 99, 118, 98, 110, 86, 125, 110, 115, 114, 99, 110, 113, 124, 124, 100, 135, 115, 111, 115, 115, 129, 97, 105, 83, 100, 115, 143, 129, 103, 101, 134, 96, 116, 103, 111, 92, 109, 114, 124, 94]
2019-04-20 19:26:19,469 [INFO] eval
2019-04-20 19:26:19,573 [INFO] eval-acc=0.927
2019-04-20 19:26:19,573 [INFO] fold 5
2019-04-20 19:26:19,577 [INFO] train
2019-04-20 19:26:19,578 [INFO] n-classes=300
2019-04-20 19:26:20,363 [INFO] depths = [110, 93, 114, 113, 98, 80, 97, 98, 141, 96, 85, 81, 90, 96, 94, 128, 82, 99, 81, 77, 95, 95, 95, 99, 105, 122, 134, 106, 102, 96, 120, 122, 138, 122, 115, 103, 105, 125, 99, 91, 115, 96, 107, 87, 92, 113, 97, 98, 113, 98, 95, 131, 114, 117, 134, 99, 109, 115, 90, 119, 92, 114, 131, 113, 83, 77, 130, 122, 120, 112, 124, 143, 118, 98, 136, 122, 115, 114, 118, 132, 126, 123, 124, 116, 110, 100, 113, 106, 108, 137, 129, 101, 113, 118, 127, 145, 121, 99, 96, 98]
2019-04-20 19:26:20,485 [INFO] leaf-node-counts = [110, 93, 114, 113, 98, 80, 97, 98, 141, 96, 85, 81, 90, 96, 94, 128, 82, 99, 81, 77, 95, 95, 95, 99, 105, 122, 134, 106, 102, 96, 120, 122, 138, 122, 115, 103, 105, 125, 99, 91, 115, 96, 107, 87, 92, 113, 97, 98, 113, 98, 95, 131, 114, 117, 134, 99, 109, 115, 90, 119, 92, 114, 131, 113, 83, 77, 130, 122, 120, 112, 124, 143, 118, 98, 136, 122, 115, 114, 118, 132, 126, 123, 124, 116, 110, 100, 113, 106, 108, 137, 129, 101, 113, 118, 127, 145, 121, 99, 96, 98]
2019-04-20 19:26:20,485 [INFO] eval
2019-04-20 19:26:20,589 [INFO] eval-acc=0.937
2019-04-20 19:26:20,589 [INFO] fold 6
2019-04-20 19:26:20,592 [INFO] train
2019-04-20 19:26:20,593 [INFO] n-classes=300
2019-04-20 19:26:21,277 [INFO] depths = [136, 96, 102, 115, 116, 103, 106, 95, 123, 127, 101, 103, 85, 108, 125, 99, 123, 114, 120, 80, 124, 91, 108, 114, 109, 85, 89, 103, 130, 120, 119, 105, 109, 118, 122, 134, 123, 85, 85, 79, 86, 97, 101, 86, 120, 102, 93, 81, 83, 101, 104, 126, 129, 104, 91, 93, 125, 104, 86, 118, 88, 110, 130, 147, 145, 105, 84, 103, 106, 119, 109, 114, 114, 127, 90, 93, 126, 106, 97, 137, 100, 110, 122, 113, 113, 101, 111, 112, 114, 89, 111, 85, 133, 76, 108, 112, 78, 111, 93, 89]
2019-04-20 19:26:21,399 [INFO] leaf-node-counts = [136, 96, 102, 115, 116, 103, 106, 95, 123, 127, 101, 103, 85, 108, 125, 99, 123, 114, 120, 80, 124, 91, 108, 114, 109, 85, 89, 103, 130, 120, 119, 105, 109, 118, 122, 134, 123, 85, 85, 79, 86, 97, 101, 86, 120, 102, 93, 81, 83, 101, 104, 126, 129, 104, 91, 93, 125, 104, 86, 118, 88, 110, 130, 147, 145, 105, 84, 103, 106, 119, 109, 114, 114, 127, 90, 93, 126, 106, 97, 137, 100, 110, 122, 113, 113, 101, 111, 112, 114, 89, 111, 85, 133, 76, 108, 112, 78, 111, 93, 89]
2019-04-20 19:26:21,399 [INFO] eval
2019-04-20 19:26:21,503 [INFO] eval-acc=0.913
2019-04-20 19:26:21,503 [INFO] fold 7
2019-04-20 19:26:21,507 [INFO] train
2019-04-20 19:26:21,508 [INFO] n-classes=300
2019-04-20 19:26:22,299 [INFO] depths = [126, 108, 123, 93, 108, 89, 96, 107, 109, 118, 115, 95, 94, 100, 99, 116, 103, 133, 93, 112, 90, 111, 107, 133, 91, 106, 110, 121, 105, 117, 99, 88, 104, 124, 162, 126, 105, 68, 97, 99, 123, 91, 115, 106, 89, 112, 117, 126, 90, 94, 105, 95, 127, 113, 122, 95, 134, 124, 104, 102, 83, 127, 106, 139, 106, 136, 117, 118, 111, 101, 121, 113, 108, 140, 120, 111, 145, 92, 124, 100, 116, 95, 107, 106, 141, 111, 84, 119, 86, 106, 98, 83, 99, 91, 89, 110, 100, 114, 98, 97]
2019-04-20 19:26:22,421 [INFO] leaf-node-counts = [126, 108, 123, 93, 108, 89, 96, 107, 109, 118, 115, 95, 94, 100, 99, 116, 103, 133, 93, 112, 90, 111, 107, 133, 91, 106, 110, 121, 105, 117, 99, 88, 104, 124, 162, 126, 105, 68, 97, 99, 123, 91, 115, 106, 89, 112, 117, 126, 90, 94, 105, 95, 127, 113, 122, 95, 134, 124, 104, 102, 83, 127, 106, 139, 106, 136, 117, 118, 111, 101, 121, 113, 108, 140, 120, 111, 145, 92, 124, 100, 116, 95, 107, 106, 141, 111, 84, 119, 86, 106, 98, 83, 99, 91, 89, 110, 100, 114, 98, 97]
2019-04-20 19:26:22,422 [INFO] eval
2019-04-20 19:26:22,526 [INFO] eval-acc=0.933
2019-04-20 19:26:22,526 [INFO] fold 8
2019-04-20 19:26:22,529 [INFO] train
2019-04-20 19:26:22,530 [INFO] n-classes=300
2019-04-20 19:26:23,319 [INFO] depths = [101, 119, 117, 110, 116, 84, 97, 80, 102, 126, 118, 68, 134, 120, 114, 83, 98, 113, 97, 89, 126, 100, 102, 130, 115, 140, 97, 131, 120, 85, 68, 138, 105, 113, 102, 81, 86, 113, 116, 95, 98, 84, 96, 101, 111, 110, 121, 88, 98, 104, 112, 112, 110, 122, 104, 86, 145, 106, 106, 101, 94, 86, 113, 111, 109, 135, 102, 114, 110, 129, 112, 121, 99, 100, 96, 100, 118, 148, 105, 107, 86, 103, 136, 107, 125, 125, 125, 101, 97, 90, 129, 120, 111, 109, 112, 92, 102, 87, 120, 106]
2019-04-20 19:26:23,441 [INFO] leaf-node-counts = [101, 119, 117, 110, 116, 84, 97, 80, 102, 126, 118, 68, 134, 120, 114, 83, 98, 113, 97, 89, 126, 100, 102, 130, 115, 140, 97, 131, 120, 85, 68, 138, 105, 113, 102, 81, 86, 113, 116, 95, 98, 84, 96, 101, 111, 110, 121, 88, 98, 104, 112, 112, 110, 122, 104, 86, 145, 106, 106, 101, 94, 86, 113, 111, 109, 135, 102, 114, 110, 129, 112, 121, 99, 100, 96, 100, 118, 148, 105, 107, 86, 103, 136, 107, 125, 125, 125, 101, 97, 90, 129, 120, 111, 109, 112, 92, 102, 87, 120, 106]
2019-04-20 19:26:23,441 [INFO] eval
2019-04-20 19:26:23,545 [INFO] eval-acc=0.933
2019-04-20 19:26:23,564 [INFO] acc-mean=0.931 acc-std=0.009 acc-max=0.943
{"metrics": {"acc_max": 0.9433333333333334, "acc_mean": 0.9311111111111112, "acc_std": 0.009162456945817032}, "options": {"cutoff": 9, "json_result": true, "max_classes": 300, "max_depth": null, "max_features": 2500, "max_leaf_nodes_scale": null, "n_estimators": 100, "n_jobs": -1, "name": null, "path_c": null, "path_cpp": null, "path_py": "/home/dexter/Downloads/gcj-py-table3.jsonl", "preset_c": "none", "preset_cpp": "none", "preset_py": "none", "seed": 554224, "show_progress": false, "verbose": false}}
/home/dexter/anaconda2/envs/diora/lib/python3.6/site-packages/sklearn/ensemble/weight_boosting.py:29: DeprecationWarning: numpy.core.umath_tests is an internal NumPy module and should not be imported. It will be removed in a future NumPy release.
  from numpy.core.umath_tests import inner1d
2019-04-20 19:26:26,717 [INFO] start
2019-04-20 19:26:44,370 [INFO] balancing data
2019-04-20 19:26:45,296 [INFO] found 2200 eligible classes
2019-04-20 19:26:45,297 [INFO] downsampled to 500 classes
2019-04-20 19:26:45,300 [INFO] joining strings
2019-04-20 19:26:45,326 [INFO] tfidf data
2019-04-20 19:26:46,313 [INFO] language-counter=Counter({'python': 4500})
2019-04-20 19:26:46,314 [INFO] fold 0
2019-04-20 19:26:46,427 [INFO] train
2019-04-20 19:26:46,428 [INFO] n-classes=500
2019-04-20 19:26:48,630 [INFO] depths = [159, 149, 157, 115, 156, 150, 109, 153, 158, 180, 133, 147, 168, 158, 138, 158, 151, 148, 148, 169, 123, 124, 123, 143, 162, 149, 131, 151, 169, 160, 139, 163, 178, 170, 113, 175, 138, 176, 162, 166, 183, 128, 173, 129, 157, 123, 145, 132, 142, 149, 129, 139, 127, 124, 145, 145, 146, 170, 196, 171, 124, 142, 135, 177, 149, 169, 176, 145, 132, 142, 156, 151, 149, 159, 163, 155, 189, 175, 154, 153, 136, 180, 159, 184, 131, 139, 164, 129, 169, 140, 166, 130, 122, 176, 162, 164, 144, 162, 166, 161]
2019-04-20 19:26:48,862 [INFO] leaf-node-counts = [159, 149, 157, 115, 156, 150, 109, 153, 158, 180, 133, 147, 168, 158, 138, 158, 151, 148, 148, 169, 123, 124, 123, 143, 162, 149, 131, 151, 169, 160, 139, 163, 178, 170, 113, 175, 138, 176, 162, 166, 183, 128, 173, 129, 157, 123, 145, 132, 142, 149, 129, 139, 127, 124, 145, 145, 146, 170, 196, 171, 124, 142, 135, 177, 149, 169, 176, 145, 132, 142, 156, 151, 149, 159, 163, 155, 189, 175, 154, 153, 136, 180, 159, 184, 131, 139, 164, 129, 169, 140, 166, 130, 122, 176, 162, 164, 144, 162, 166, 161]
2019-04-20 19:26:48,862 [INFO] eval
2019-04-20 19:26:48,967 [INFO] eval-acc=0.906
2019-04-20 19:26:48,967 [INFO] fold 1
2019-04-20 19:26:48,970 [INFO] train
2019-04-20 19:26:48,971 [INFO] n-classes=500
2019-04-20 19:26:51,078 [INFO] depths = [147, 133, 137, 147, 119, 144, 138, 154, 170, 138, 159, 154, 124, 167, 131, 146, 111, 134, 126, 146, 128, 162, 142, 152, 144, 165, 159, 140, 174, 157, 154, 178, 164, 134, 153, 183, 137, 158, 141, 141, 145, 197, 155, 129, 134, 143, 137, 144, 141, 140, 157, 137, 179, 106, 150, 152, 137, 158, 138, 142, 146, 136, 132, 157, 140, 131, 150, 175, 162, 146, 127, 125, 125, 122, 175, 155, 169, 152, 176, 156, 186, 129, 164, 145, 177, 150, 178, 128, 156, 133, 169, 147, 169, 168, 140, 169, 169, 126, 137, 143]
2019-04-20 19:26:51,300 [INFO] leaf-node-counts = [147, 133, 137, 147, 119, 144, 138, 154, 170, 138, 159, 154, 124, 167, 131, 146, 111, 134, 126, 146, 128, 162, 142, 152, 144, 165, 159, 140, 174, 157, 154, 178, 164, 134, 153, 183, 137, 158, 141, 141, 145, 197, 155, 129, 134, 143, 137, 144, 141, 140, 157, 137, 179, 106, 150, 152, 137, 158, 138, 142, 146, 136, 132, 157, 140, 131, 150, 175, 162, 146, 127, 125, 125, 122, 175, 155, 169, 152, 176, 156, 186, 129, 164, 145, 177, 150, 178, 128, 156, 133, 169, 147, 169, 168, 140, 169, 169, 126, 137, 143]
2019-04-20 19:26:51,300 [INFO] eval
2019-04-20 19:26:51,405 [INFO] eval-acc=0.894
2019-04-20 19:26:51,405 [INFO] fold 2
2019-04-20 19:26:51,409 [INFO] train
2019-04-20 19:26:51,410 [INFO] n-classes=500
2019-04-20 19:26:53,519 [INFO] depths = [164, 157, 154, 136, 119, 142, 115, 146, 162, 134, 166, 127, 136, 164, 107, 139, 144, 146, 165, 141, 131, 133, 147, 130, 142, 138, 147, 138, 166, 120, 141, 169, 195, 185, 137, 158, 140, 153, 157, 134, 178, 159, 148, 138, 167, 146, 116, 140, 159, 152, 103, 129, 146, 162, 173, 129, 145, 172, 164, 169, 152, 147, 169, 164, 136, 173, 174, 145, 121, 166, 146, 130, 152, 137, 142, 142, 163, 157, 143, 159, 140, 137, 160, 171, 159, 131, 153, 126, 123, 127, 143, 149, 168, 175, 121, 137, 119, 168, 161, 158]
2019-04-20 19:26:53,743 [INFO] leaf-node-counts = [164, 157, 154, 136, 119, 142, 115, 146, 162, 134, 166, 127, 136, 164, 107, 139, 144, 146, 165, 141, 131, 133, 147, 130, 142, 138, 147, 138, 166, 120, 141, 169, 195, 185, 137, 158, 140, 153, 157, 134, 178, 159, 148, 138, 167, 146, 116, 140, 159, 152, 103, 129, 146, 162, 173, 129, 145, 172, 164, 169, 152, 147, 169, 164, 136, 173, 174, 145, 121, 166, 146, 130, 152, 137, 142, 142, 163, 157, 143, 159, 140, 137, 160, 171, 159, 131, 153, 126, 123, 127, 143, 149, 168, 175, 121, 137, 119, 168, 161, 158]
2019-04-20 19:26:53,743 [INFO] eval
2019-04-20 19:26:53,848 [INFO] eval-acc=0.912
2019-04-20 19:26:53,848 [INFO] fold 3
2019-04-20 19:26:53,853 [INFO] train
2019-04-20 19:26:53,854 [INFO] n-classes=500
2019-04-20 19:26:55,963 [INFO] depths = [169, 143, 157, 133, 132, 119, 146, 140, 130, 139, 125, 151, 166, 148, 182, 158, 151, 96, 167, 133, 126, 182, 145, 152, 146, 128, 149, 158, 190, 151, 111, 135, 166, 172, 160, 164, 153, 157, 140, 156, 158, 136, 164, 138, 123, 151, 138, 162, 156, 126, 93, 125, 149, 152, 140, 129, 164, 145, 180, 144, 128, 137, 169, 171, 147, 125, 149, 170, 101, 168, 135, 150, 142, 145, 151, 148, 154, 149, 137, 147, 154, 125, 131, 153, 163, 133, 155, 168, 158, 142, 189, 139, 152, 122, 146, 143, 148, 156, 102, 105]
2019-04-20 19:26:56,186 [INFO] leaf-node-counts = [169, 143, 157, 133, 132, 119, 146, 140, 130, 139, 125, 151, 166, 148, 182, 158, 151, 96, 167, 133, 126, 182, 145, 152, 146, 128, 149, 158, 190, 151, 111, 135, 166, 172, 160, 164, 153, 157, 140, 156, 158, 136, 164, 138, 123, 151, 138, 162, 156, 126, 93, 125, 149, 152, 140, 129, 164, 145, 180, 144, 128, 137, 169, 171, 147, 125, 149, 170, 101, 168, 135, 150, 142, 145, 151, 148, 154, 149, 137, 147, 154, 125, 131, 153, 163, 133, 155, 168, 158, 142, 189, 139, 152, 122, 146, 143, 148, 156, 102, 105]
2019-04-20 19:26:56,186 [INFO] eval
2019-04-20 19:26:56,292 [INFO] eval-acc=0.904
2019-04-20 19:26:56,292 [INFO] fold 4
2019-04-20 19:26:56,297 [INFO] train
2019-04-20 19:26:56,298 [INFO] n-classes=500
2019-04-20 19:26:58,406 [INFO] depths = [166, 141, 141, 152, 150, 121, 144, 167, 177, 134, 178, 137, 178, 166, 155, 125, 145, 135, 120, 163, 182, 165, 138, 160, 140, 185, 153, 148, 151, 140, 143, 141, 174, 122, 155, 155, 172, 164, 135, 149, 157, 118, 112, 164, 134, 142, 142, 148, 97, 146, 142, 168, 169, 153, 147, 195, 159, 138, 109, 154, 164, 159, 146, 154, 174, 131, 154, 157, 158, 167, 157, 144, 135, 110, 138, 148, 138, 153, 160, 170, 151, 170, 168, 141, 153, 124, 172, 175, 139, 133, 126, 127, 106, 140, 171, 152, 176, 118, 128, 133]
2019-04-20 19:26:58,636 [INFO] leaf-node-counts = [166, 141, 141, 152, 150, 121, 144, 167, 177, 134, 178, 137, 178, 166, 155, 125, 145, 135, 120, 163, 182, 165, 138, 160, 140, 185, 153, 148, 151, 140, 143, 141, 174, 122, 155, 155, 172, 164, 135, 149, 157, 118, 112, 164, 134, 142, 142, 148, 97, 146, 142, 168, 169, 153, 147, 195, 159, 138, 109, 154, 164, 159, 146, 154, 174, 131, 154, 157, 158, 167, 157, 144, 135, 110, 138, 148, 138, 153, 160, 170, 151, 170, 168, 141, 153, 124, 172, 175, 139, 133, 126, 127, 106, 140, 171, 152, 176, 118, 128, 133]
2019-04-20 19:26:58,636 [INFO] eval
2019-04-20 19:26:58,740 [INFO] eval-acc=0.906
2019-04-20 19:26:58,740 [INFO] fold 5
2019-04-20 19:26:58,743 [INFO] train
2019-04-20 19:26:58,744 [INFO] n-classes=500
2019-04-20 19:27:00,854 [INFO] depths = [160, 198, 152, 160, 133, 115, 144, 131, 148, 128, 134, 158, 140, 149, 134, 112, 145, 133, 129, 152, 147, 160, 118, 130, 151, 167, 138, 173, 135, 130, 143, 180, 153, 152, 165, 143, 166, 123, 154, 138, 115, 152, 144, 133, 155, 164, 128, 155, 150, 144, 138, 126, 161, 159, 155, 131, 168, 169, 178, 124, 155, 137, 179, 171, 142, 131, 165, 144, 140, 189, 158, 146, 164, 155, 138, 139, 155, 151, 123, 141, 170, 135, 135, 158, 160, 134, 159, 126, 143, 143, 123, 178, 186, 117, 149, 117, 129, 137, 139, 141]
2019-04-20 19:27:01,077 [INFO] leaf-node-counts = [160, 198, 152, 160, 133, 115, 144, 131, 148, 128, 134, 158, 140, 149, 134, 112, 145, 133, 129, 152, 147, 160, 118, 130, 151, 167, 138, 173, 135, 130, 143, 180, 153, 152, 165, 143, 166, 123, 154, 138, 115, 152, 144, 133, 155, 164, 128, 155, 150, 144, 138, 126, 161, 159, 155, 131, 168, 169, 178, 124, 155, 137, 179, 171, 142, 131, 165, 144, 140, 189, 158, 146, 164, 155, 138, 139, 155, 151, 123, 141, 170, 135, 135, 158, 160, 134, 159, 126, 143, 143, 123, 178, 186, 117, 149, 117, 129, 137, 139, 141]
2019-04-20 19:27:01,077 [INFO] eval
2019-04-20 19:27:01,182 [INFO] eval-acc=0.898
2019-04-20 19:27:01,182 [INFO] fold 6
2019-04-20 19:27:01,186 [INFO] train
2019-04-20 19:27:01,187 [INFO] n-classes=500
2019-04-20 19:27:03,399 [INFO] depths = [165, 134, 180, 175, 155, 130, 161, 137, 151, 158, 139, 141, 183, 126, 150, 144, 173, 150, 141, 151, 151, 175, 163, 152, 144, 163, 129, 136, 183, 135, 175, 147, 146, 166, 162, 168, 101, 124, 141, 122, 145, 159, 136, 163, 131, 149, 119, 160, 147, 159, 137, 178, 152, 142, 133, 141, 115, 144, 177, 127, 144, 127, 175, 162, 168, 161, 148, 158, 148, 131, 151, 148, 208, 143, 103, 210, 119, 133, 149, 145, 146, 136, 136, 145, 167, 128, 145, 172, 140, 119, 140, 100, 159, 138, 143, 113, 170, 139, 158, 184]
2019-04-20 19:27:03,623 [INFO] leaf-node-counts = [165, 134, 180, 175, 155, 130, 161, 137, 151, 158, 139, 141, 183, 126, 150, 144, 173, 150, 141, 151, 151, 175, 163, 152, 144, 163, 129, 136, 183, 135, 175, 147, 146, 166, 162, 168, 101, 124, 141, 122, 145, 159, 136, 163, 131, 149, 119, 160, 147, 159, 137, 178, 152, 142, 133, 141, 115, 144, 177, 127, 144, 127, 175, 162, 168, 161, 148, 158, 148, 131, 151, 148, 208, 143, 103, 210, 119, 133, 149, 145, 146, 136, 136, 145, 167, 128, 145, 172, 140, 119, 140, 100, 159, 138, 143, 113, 170, 139, 158, 184]
2019-04-20 19:27:03,623 [INFO] eval
2019-04-20 19:27:03,727 [INFO] eval-acc=0.902
2019-04-20 19:27:03,728 [INFO] fold 7
2019-04-20 19:27:03,731 [INFO] train
2019-04-20 19:27:03,733 [INFO] n-classes=500
2019-04-20 19:27:05,939 [INFO] depths = [148, 174, 165, 212, 110, 114, 121, 137, 164, 127, 154, 136, 149, 155, 153, 156, 152, 134, 161, 156, 148, 205, 145, 155, 157, 140, 157, 156, 186, 153, 139, 158, 155, 123, 156, 164, 164, 157, 133, 153, 162, 146, 159, 139, 116, 157, 171, 147, 142, 166, 147, 140, 173, 175, 128, 144, 166, 175, 160, 157, 171, 134, 127, 140, 140, 146, 139, 161, 138, 176, 144, 186, 178, 128, 156, 163, 147, 133, 151, 171, 170, 162, 156, 169, 206, 151, 170, 158, 137, 134, 147, 165, 114, 121, 163, 120, 149, 158, 142, 145]
2019-04-20 19:27:06,165 [INFO] leaf-node-counts = [148, 174, 165, 212, 110, 114, 121, 137, 164, 127, 154, 136, 149, 155, 153, 156, 152, 134, 161, 156, 148, 205, 145, 155, 157, 140, 157, 156, 186, 153, 139, 158, 155, 123, 156, 164, 164, 157, 133, 153, 162, 146, 159, 139, 116, 157, 171, 147, 142, 166, 147, 140, 173, 175, 128, 144, 166, 175, 160, 157, 171, 134, 127, 140, 140, 146, 139, 161, 138, 176, 144, 186, 178, 128, 156, 163, 147, 133, 151, 171, 170, 162, 156, 169, 206, 151, 170, 158, 137, 134, 147, 165, 114, 121, 163, 120, 149, 158, 142, 145]
2019-04-20 19:27:06,165 [INFO] eval
2019-04-20 19:27:06,270 [INFO] eval-acc=0.928
2019-04-20 19:27:06,270 [INFO] fold 8
2019-04-20 19:27:06,275 [INFO] train
2019-04-20 19:27:06,277 [INFO] n-classes=500
2019-04-20 19:27:08,388 [INFO] depths = [172, 154, 182, 145, 140, 144, 132, 126, 146, 145, 129, 158, 181, 164, 155, 155, 157, 138, 171, 152, 132, 138, 146, 150, 130, 120, 163, 136, 168, 156, 184, 147, 173, 148, 153, 152, 148, 143, 166, 132, 141, 163, 128, 140, 148, 120, 132, 105, 129, 142, 101, 141, 130, 141, 150, 145, 161, 143, 185, 142, 157, 135, 143, 158, 167, 151, 168, 168, 185, 151, 149, 154, 136, 146, 134, 139, 152, 150, 153, 167, 163, 165, 151, 157, 184, 162, 173, 123, 162, 148, 163, 120, 143, 116, 137, 152, 148, 120, 136, 131]
2019-04-20 19:27:08,612 [INFO] leaf-node-counts = [172, 154, 182, 145, 140, 144, 132, 126, 146, 145, 129, 158, 181, 164, 155, 155, 157, 138, 171, 152, 132, 138, 146, 150, 130, 120, 163, 136, 168, 156, 184, 147, 173, 148, 153, 152, 148, 143, 166, 132, 141, 163, 128, 140, 148, 120, 132, 105, 129, 142, 101, 141, 130, 141, 150, 145, 161, 143, 185, 142, 157, 135, 143, 158, 167, 151, 168, 168, 185, 151, 149, 154, 136, 146, 134, 139, 152, 150, 153, 167, 163, 165, 151, 157, 184, 162, 173, 123, 162, 148, 163, 120, 143, 116, 137, 152, 148, 120, 136, 131]
2019-04-20 19:27:08,612 [INFO] eval
2019-04-20 19:27:08,717 [INFO] eval-acc=0.926
2019-04-20 19:27:08,755 [INFO] acc-mean=0.908 acc-std=0.011 acc-max=0.928
{"metrics": {"acc_max": 0.928, "acc_mean": 0.9084444444444445, "acc_std": 0.0110263433156047}, "options": {"cutoff": 9, "json_result": true, "max_classes": 500, "max_depth": null, "max_features": 2500, "max_leaf_nodes_scale": null, "n_estimators": 100, "n_jobs": -1, "name": null, "path_c": null, "path_cpp": null, "path_py": "/home/dexter/Downloads/gcj-py-table3.jsonl", "preset_c": "none", "preset_cpp": "none", "preset_py": "none", "seed": 798746, "show_progress": false, "verbose": false}}
/home/dexter/anaconda2/envs/diora/lib/python3.6/site-packages/sklearn/ensemble/weight_boosting.py:29: DeprecationWarning: numpy.core.umath_tests is an internal NumPy module and should not be imported. It will be removed in a future NumPy release.
  from numpy.core.umath_tests import inner1d
2019-04-20 19:27:11,892 [INFO] start
2019-04-20 19:27:29,008 [INFO] balancing data
2019-04-20 19:27:29,934 [INFO] found 2200 eligible classes
2019-04-20 19:27:29,935 [INFO] downsampled to 1000 classes
2019-04-20 19:27:29,940 [INFO] joining strings
2019-04-20 19:27:29,993 [INFO] tfidf data
2019-04-20 19:27:31,425 [INFO] language-counter=Counter({'python': 9000})
2019-04-20 19:27:31,425 [INFO] fold 0
2019-04-20 19:27:31,642 [INFO] train
2019-04-20 19:27:31,643 [INFO] n-classes=1000
2019-04-20 19:27:40,123 [INFO] depths = [159, 226, 190, 190, 143, 181, 153, 197, 258, 181, 176, 169, 176, 192, 188, 177, 179, 204, 202, 163, 210, 215, 158, 178, 216, 219, 164, 193, 205, 198, 170, 152, 198, 196, 180, 214, 161, 183, 191, 193, 204, 183, 166, 159, 190, 260, 176, 179, 164, 216, 202, 219, 165, 195, 171, 180, 219, 203, 204, 177, 185, 204, 213, 214, 183, 162, 170, 234, 203, 181, 174, 218, 180, 174, 189, 167, 152, 143, 161, 176, 167, 188, 168, 190, 212, 203, 204, 235, 156, 186, 194, 194, 145, 175, 200, 195, 171, 165, 157, 180]
2019-04-20 19:27:40,585 [INFO] leaf-node-counts = [159, 226, 190, 190, 143, 181, 153, 197, 258, 181, 176, 169, 176, 192, 188, 177, 179, 204, 202, 163, 210, 215, 158, 178, 216, 219, 164, 193, 205, 198, 170, 152, 198, 196, 180, 214, 161, 183, 191, 193, 204, 183, 166, 159, 190, 260, 176, 179, 164, 216, 202, 219, 165, 195, 171, 180, 219, 203, 204, 177, 185, 204, 213, 214, 183, 162, 170, 234, 203, 181, 174, 218, 180, 174, 189, 167, 152, 143, 161, 176, 167, 188, 168, 190, 212, 203, 204, 235, 156, 186, 194, 194, 145, 175, 200, 195, 171, 165, 157, 180]
2019-04-20 19:27:40,585 [INFO] eval
2019-04-20 19:27:40,894 [INFO] eval-acc=0.896
2019-04-20 19:27:40,894 [INFO] fold 1
2019-04-20 19:27:40,900 [INFO] train
2019-04-20 19:27:40,902 [INFO] n-classes=1000
2019-04-20 19:27:49,617 [INFO] depths = [233, 204, 168, 151, 230, 191, 134, 195, 183, 172, 165, 186, 170, 188, 202, 201, 169, 192, 236, 219, 227, 198, 174, 193, 204, 158, 197, 160, 198, 161, 212, 207, 212, 222, 166, 178, 210, 166, 175, 179, 163, 179, 188, 189, 134, 230, 234, 169, 191, 189, 246, 193, 160, 283, 178, 192, 206, 181, 214, 216, 155, 178, 189, 168, 155, 147, 188, 194, 175, 197, 199, 187, 169, 173, 189, 228, 204, 178, 207, 172, 163, 245, 164, 161, 210, 202, 223, 225, 149, 215, 218, 215, 146, 155, 224, 163, 179, 200, 183, 169]
2019-04-20 19:27:50,073 [INFO] leaf-node-counts = [233, 204, 168, 151, 230, 191, 134, 195, 183, 172, 165, 186, 170, 188, 202, 201, 169, 192, 236, 219, 227, 198, 174, 193, 204, 158, 197, 160, 198, 161, 212, 207, 212, 222, 166, 178, 210, 166, 175, 179, 163, 179, 188, 189, 134, 230, 234, 169, 191, 189, 246, 193, 160, 283, 178, 192, 206, 181, 214, 216, 155, 178, 189, 168, 155, 147, 188, 194, 175, 197, 199, 187, 169, 173, 189, 228, 204, 178, 207, 172, 163, 245, 164, 161, 210, 202, 223, 225, 149, 215, 218, 215, 146, 155, 224, 163, 179, 200, 183, 169]
2019-04-20 19:27:50,073 [INFO] eval
2019-04-20 19:27:50,381 [INFO] eval-acc=0.894
2019-04-20 19:27:50,381 [INFO] fold 2
2019-04-20 19:27:50,387 [INFO] train
2019-04-20 19:27:50,389 [INFO] n-classes=1000
2019-04-20 19:27:59,198 [INFO] depths = [221, 191, 209, 194, 163, 211, 200, 202, 187, 211, 188, 157, 204, 218, 184, 183, 195, 168, 156, 149, 202, 213, 182, 202, 179, 146, 210, 175, 201, 196, 191, 204, 229, 184, 198, 194, 195, 213, 158, 225, 191, 214, 223, 156, 192, 181, 137, 153, 187, 209, 178, 180, 205, 183, 166, 250, 221, 188, 209, 192, 228, 176, 163, 204, 183, 218, 189, 186, 225, 216, 226, 186, 173, 172, 187, 160, 155, 190, 181, 188, 173, 184, 205, 173, 197, 186, 157, 181, 161, 216, 199, 169, 205, 199, 241, 163, 182, 159, 188, 206]
2019-04-20 19:27:59,652 [INFO] leaf-node-counts = [221, 191, 209, 194, 163, 211, 200, 202, 187, 211, 188, 157, 204, 218, 184, 183, 195, 168, 156, 149, 202, 213, 182, 202, 179, 146, 210, 175, 201, 196, 191, 204, 229, 184, 198, 194, 195, 213, 158, 225, 191, 214, 223, 156, 192, 181, 137, 153, 187, 209, 178, 180, 205, 183, 166, 250, 221, 188, 209, 192, 228, 176, 163, 204, 183, 218, 189, 186, 225, 216, 226, 186, 173, 172, 187, 160, 155, 190, 181, 188, 173, 184, 205, 173, 197, 186, 157, 181, 161, 216, 199, 169, 205, 199, 241, 163, 182, 159, 188, 206]
2019-04-20 19:27:59,653 [INFO] eval
2019-04-20 19:27:59,961 [INFO] eval-acc=0.908
2019-04-20 19:27:59,961 [INFO] fold 3
2019-04-20 19:27:59,966 [INFO] train
2019-04-20 19:27:59,968 [INFO] n-classes=1000
2019-04-20 19:28:08,781 [INFO] depths = [222, 168, 226, 204, 181, 228, 167, 200, 186, 222, 180, 219, 199, 175, 181, 218, 241, 182, 206, 170, 146, 162, 178, 151, 197, 197, 182, 186, 178, 168, 173, 194, 213, 196, 211, 198, 153, 183, 188, 200, 156, 179, 200, 167, 156, 209, 166, 180, 248, 202, 188, 175, 217, 172, 182, 214, 205, 220, 206, 149, 179, 206, 189, 201, 207, 236, 180, 171, 174, 179, 188, 194, 199, 143, 195, 191, 197, 166, 185, 180, 209, 169, 169, 161, 206, 198, 237, 187, 151, 166, 175, 169, 177, 203, 152, 161, 186, 177, 206, 195]
2019-04-20 19:28:09,235 [INFO] leaf-node-counts = [222, 168, 226, 204, 181, 228, 167, 200, 186, 222, 180, 219, 199, 175, 181, 218, 241, 182, 206, 170, 146, 162, 178, 151, 197, 197, 182, 186, 178, 168, 173, 194, 213, 196, 211, 198, 153, 183, 188, 200, 156, 179, 200, 167, 156, 209, 166, 180, 248, 202, 188, 175, 217, 172, 182, 214, 205, 220, 206, 149, 179, 206, 189, 201, 207, 236, 180, 171, 174, 179, 188, 194, 199, 143, 195, 191, 197, 166, 185, 180, 209, 169, 169, 161, 206, 198, 237, 187, 151, 166, 175, 169, 177, 203, 152, 161, 186, 177, 206, 195]
2019-04-20 19:28:09,235 [INFO] eval
2019-04-20 19:28:09,546 [INFO] eval-acc=0.896
2019-04-20 19:28:09,546 [INFO] fold 4
2019-04-20 19:28:09,551 [INFO] train
2019-04-20 19:28:09,552 [INFO] n-classes=1000
2019-04-20 19:28:18,476 [INFO] depths = [181, 227, 190, 177, 155, 175, 211, 196, 211, 250, 157, 233, 179, 172, 165, 164, 180, 206, 197, 193, 142, 190, 174, 206, 176, 208, 200, 192, 183, 218, 192, 198, 225, 188, 179, 206, 152, 171, 193, 208, 175, 181, 183, 164, 184, 166, 243, 190, 183, 191, 175, 196, 192, 182, 174, 250, 223, 223, 237, 198, 171, 216, 195, 138, 177, 201, 195, 194, 191, 171, 140, 164, 190, 156, 149, 208, 162, 149, 191, 172, 195, 205, 187, 184, 188, 201, 204, 222, 196, 223, 195, 175, 176, 225, 200, 253, 198, 226, 209, 177]
2019-04-20 19:28:18,988 [INFO] leaf-node-counts = [181, 227, 190, 177, 155, 175, 211, 196, 211, 250, 157, 233, 179, 172, 165, 164, 180, 206, 197, 193, 142, 190, 174, 206, 176, 208, 200, 192, 183, 218, 192, 198, 225, 188, 179, 206, 152, 171, 193, 208, 175, 181, 183, 164, 184, 166, 243, 190, 183, 191, 175, 196, 192, 182, 174, 250, 223, 223, 237, 198, 171, 216, 195, 138, 177, 201, 195, 194, 191, 171, 140, 164, 190, 156, 149, 208, 162, 149, 191, 172, 195, 205, 187, 184, 188, 201, 204, 222, 196, 223, 195, 175, 176, 225, 200, 253, 198, 226, 209, 177]
2019-04-20 19:28:18,988 [INFO] eval
2019-04-20 19:28:19,297 [INFO] eval-acc=0.888
2019-04-20 19:28:19,298 [INFO] fold 5
2019-04-20 19:28:19,304 [INFO] train
2019-04-20 19:28:19,307 [INFO] n-classes=1000
2019-04-20 19:28:28,227 [INFO] depths = [216, 204, 242, 213, 209, 227, 234, 191, 193, 191, 157, 177, 170, 182, 163, 182, 177, 206, 205, 157, 180, 234, 173, 175, 221, 228, 195, 213, 178, 212, 180, 212, 214, 214, 136, 201, 181, 199, 234, 236, 185, 194, 180, 226, 216, 219, 165, 184, 132, 229, 200, 217, 186, 234, 164, 225, 214, 185, 188, 193, 191, 204, 170, 175, 202, 212, 167, 176, 158, 152, 183, 200, 159, 183, 162, 190, 228, 200, 143, 205, 199, 199, 204, 206, 183, 143, 189, 223, 238, 185, 199, 166, 187, 193, 181, 187, 192, 153, 195, 191]
2019-04-20 19:28:28,788 [INFO] leaf-node-counts = [216, 204, 242, 213, 209, 227, 234, 191, 193, 191, 157, 177, 170, 182, 163, 182, 177, 206, 205, 157, 180, 234, 173, 175, 221, 228, 195, 213, 178, 212, 180, 212, 214, 214, 136, 201, 181, 199, 234, 236, 185, 194, 180, 226, 216, 219, 165, 184, 132, 229, 200, 217, 186, 234, 164, 225, 214, 185, 188, 193, 191, 204, 170, 175, 202, 212, 167, 176, 158, 152, 183, 200, 159, 183, 162, 190, 228, 200, 143, 205, 199, 199, 204, 206, 183, 143, 189, 223, 238, 185, 199, 166, 187, 193, 181, 187, 192, 153, 195, 191]
2019-04-20 19:28:28,788 [INFO] eval
2019-04-20 19:28:29,098 [INFO] eval-acc=0.888
2019-04-20 19:28:29,098 [INFO] fold 6
2019-04-20 19:28:29,103 [INFO] train
2019-04-20 19:28:29,105 [INFO] n-classes=1000
2019-04-20 19:28:37,921 [INFO] depths = [182, 211, 179, 159, 220, 156, 175, 191, 235, 172, 186, 150, 185, 208, 214, 244, 186, 188, 203, 171, 179, 170, 225, 162, 200, 191, 186, 224, 218, 178, 194, 200, 252, 169, 216, 202, 176, 171, 172, 190, 191, 216, 252, 159, 153, 189, 202, 174, 158, 190, 140, 197, 172, 199, 182, 222, 175, 166, 180, 202, 194, 201, 197, 190, 191, 176, 158, 202, 179, 186, 144, 163, 152, 187, 179, 140, 184, 206, 182, 192, 199, 168, 161, 179, 159, 231, 195, 185, 192, 194, 187, 150, 203, 196, 178, 167, 182, 233, 178, 199]
2019-04-20 19:28:38,374 [INFO] leaf-node-counts = [182, 211, 179, 159, 220, 156, 175, 191, 235, 172, 186, 150, 185, 208, 214, 244, 186, 188, 203, 171, 179, 170, 225, 162, 200, 191, 186, 224, 218, 178, 194, 200, 252, 169, 216, 202, 176, 171, 172, 190, 191, 216, 252, 159, 153, 189, 202, 174, 158, 190, 140, 197, 172, 199, 182, 222, 175, 166, 180, 202, 194, 201, 197, 190, 191, 176, 158, 202, 179, 186, 144, 163, 152, 187, 179, 140, 184, 206, 182, 192, 199, 168, 161, 179, 159, 231, 195, 185, 192, 194, 187, 150, 203, 196, 178, 167, 182, 233, 178, 199]
2019-04-20 19:28:38,374 [INFO] eval
2019-04-20 19:28:38,684 [INFO] eval-acc=0.906
2019-04-20 19:28:38,684 [INFO] fold 7
2019-04-20 19:28:38,691 [INFO] train
2019-04-20 19:28:38,693 [INFO] n-classes=1000
2019-04-20 19:28:47,309 [INFO] depths = [211, 216, 161, 166, 177, 204, 179, 168, 180, 181, 177, 227, 184, 188, 134, 211, 197, 209, 205, 182, 146, 167, 197, 150, 172, 246, 192, 239, 228, 228, 216, 146, 191, 196, 186, 188, 187, 167, 157, 143, 196, 155, 161, 161, 179, 210, 162, 189, 163, 204, 187, 195, 239, 212, 133, 168, 145, 222, 189, 185, 180, 178, 161, 210, 233, 154, 178, 187, 169, 174, 178, 193, 181, 180, 172, 192, 177, 196, 162, 193, 198, 175, 192, 188, 195, 223, 173, 202, 177, 190, 227, 164, 176, 164, 185, 202, 153, 193, 159, 212]
2019-04-20 19:28:47,766 [INFO] leaf-node-counts = [211, 216, 161, 166, 177, 204, 179, 168, 180, 181, 177, 227, 184, 188, 134, 211, 197, 209, 205, 182, 146, 167, 197, 150, 172, 246, 192, 239, 228, 228, 216, 146, 191, 196, 186, 188, 187, 167, 157, 143, 196, 155, 161, 161, 179, 210, 162, 189, 163, 204, 187, 195, 239, 212, 133, 168, 145, 222, 189, 185, 180, 178, 161, 210, 233, 154, 178, 187, 169, 174, 178, 193, 181, 180, 172, 192, 177, 196, 162, 193, 198, 175, 192, 188, 195, 223, 173, 202, 177, 190, 227, 164, 176, 164, 185, 202, 153, 193, 159, 212]
2019-04-20 19:28:47,766 [INFO] eval
2019-04-20 19:28:48,077 [INFO] eval-acc=0.903
2019-04-20 19:28:48,077 [INFO] fold 8
2019-04-20 19:28:48,082 [INFO] train
2019-04-20 19:28:48,084 [INFO] n-classes=1000
2019-04-20 19:28:56,603 [INFO] depths = [193, 194, 196, 149, 168, 162, 152, 173, 176, 206, 159, 211, 205, 160, 174, 187, 184, 203, 167, 176, 197, 208, 172, 158, 189, 185, 158, 155, 177, 161, 148, 187, 196, 203, 143, 201, 208, 212, 244, 174, 214, 179, 201, 180, 169, 167, 215, 176, 169, 224, 188, 208, 159, 177, 190, 199, 192, 156, 245, 184, 193, 183, 207, 196, 238, 160, 174, 201, 170, 238, 171, 210, 161, 176, 171, 191, 177, 148, 205, 205, 157, 182, 175, 158, 185, 185, 207, 208, 189, 197, 149, 214, 191, 176, 156, 190, 182, 178, 184, 154]
2019-04-20 19:28:57,059 [INFO] leaf-node-counts = [193, 194, 196, 149, 168, 162, 152, 173, 176, 206, 159, 211, 205, 160, 174, 187, 184, 203, 167, 176, 197, 208, 172, 158, 189, 185, 158, 155, 177, 161, 148, 187, 196, 203, 143, 201, 208, 212, 244, 174, 214, 179, 201, 180, 169, 167, 215, 176, 169, 224, 188, 208, 159, 177, 190, 199, 192, 156, 245, 184, 193, 183, 207, 196, 238, 160, 174, 201, 170, 238, 171, 210, 161, 176, 171, 191, 177, 148, 205, 205, 157, 182, 175, 158, 185, 185, 207, 208, 189, 197, 149, 214, 191, 176, 156, 190, 182, 178, 184, 154]
2019-04-20 19:28:57,059 [INFO] eval
2019-04-20 19:28:57,369 [INFO] eval-acc=0.902
2019-04-20 19:28:57,507 [INFO] acc-mean=0.898 acc-std=0.007 acc-max=0.908
{"metrics": {"acc_max": 0.908, "acc_mean": 0.8978888888888888, "acc_std": 0.006903210918670702}, "options": {"cutoff": 9, "json_result": true, "max_classes": 1000, "max_depth": null, "max_features": 2500, "max_leaf_nodes_scale": null, "n_estimators": 100, "n_jobs": -1, "name": null, "path_c": null, "path_cpp": null, "path_py": "/home/dexter/Downloads/gcj-py-table3.jsonl", "preset_c": "none", "preset_cpp": "none", "preset_py": "none", "seed": 4873095, "show_progress": false, "verbose": false}}
/home/dexter/anaconda2/envs/diora/lib/python3.6/site-packages/sklearn/ensemble/weight_boosting.py:29: DeprecationWarning: numpy.core.umath_tests is an internal NumPy module and should not be imported. It will be removed in a future NumPy release.
  from numpy.core.umath_tests import inner1d
2019-04-20 19:29:00,739 [INFO] start
2019-04-20 19:29:18,129 [INFO] balancing data
2019-04-20 19:29:19,069 [INFO] found 2200 eligible classes
2019-04-20 19:29:19,069 [INFO] downsampled to 1500 classes
2019-04-20 19:29:19,077 [INFO] joining strings
2019-04-20 19:29:19,159 [INFO] tfidf data
2019-04-20 19:29:21,042 [INFO] language-counter=Counter({'python': 13500})
2019-04-20 19:29:21,042 [INFO] fold 0
2019-04-20 19:29:21,432 [INFO] train
2019-04-20 19:29:21,433 [INFO] n-classes=1500
2019-04-20 19:29:42,739 [INFO] depths = [222, 191, 198, 256, 207, 286, 203, 180, 199, 272, 249, 239, 204, 203, 243, 256, 248, 260, 193, 268, 237, 309, 280, 199, 232, 196, 238, 188, 250, 179, 230, 223, 227, 211, 208, 216, 215, 240, 237, 210, 295, 178, 241, 218, 208, 213, 209, 260, 184, 265, 200, 250, 221, 213, 246, 235, 220, 189, 223, 232, 207, 231, 227, 215, 252, 243, 242, 206, 283, 244, 265, 239, 256, 197, 210, 208, 225, 275, 220, 245, 211, 236, 239, 247, 224, 245, 166, 237, 217, 197, 254, 279, 244, 264, 257, 191, 243, 189, 229, 172]
2019-04-20 19:29:43,436 [INFO] leaf-node-counts = [222, 191, 198, 256, 207, 286, 203, 180, 199, 272, 249, 239, 204, 203, 243, 256, 248, 260, 193, 268, 237, 309, 280, 199, 232, 196, 238, 188, 250, 179, 230, 223, 227, 211, 208, 216, 215, 240, 237, 210, 295, 178, 241, 218, 208, 213, 209, 260, 184, 265, 200, 250, 221, 213, 246, 235, 220, 189, 223, 232, 207, 231, 227, 215, 252, 243, 242, 206, 283, 244, 265, 239, 256, 197, 210, 208, 225, 275, 220, 245, 211, 236, 239, 247, 224, 245, 166, 237, 217, 197, 254, 279, 244, 264, 257, 191, 243, 189, 229, 172]
2019-04-20 19:29:43,436 [INFO] eval
2019-04-20 19:29:44,156 [INFO] eval-acc=0.883
2019-04-20 19:29:44,156 [INFO] fold 1
2019-04-20 19:29:44,161 [INFO] train
2019-04-20 19:29:44,163 [INFO] n-classes=1500
2019-04-20 19:30:05,358 [INFO] depths = [238, 192, 230, 213, 216, 205, 243, 218, 249, 275, 190, 204, 246, 205, 217, 204, 228, 227, 174, 193, 189, 193, 211, 259, 211, 237, 245, 187, 176, 205, 193, 235, 242, 251, 169, 209, 222, 213, 212, 274, 221, 249, 207, 251, 218, 188, 200, 302, 228, 240, 202, 231, 222, 207, 181, 211, 190, 220, 186, 229, 192, 209, 211, 297, 210, 210, 159, 241, 193, 261, 224, 182, 196, 183, 283, 192, 226, 256, 229, 228, 206, 212, 254, 243, 183, 222, 215, 304, 200, 207, 205, 209, 255, 224, 207, 203, 244, 208, 196, 234]
2019-04-20 19:30:06,051 [INFO] leaf-node-counts = [238, 192, 230, 213, 216, 205, 243, 218, 249, 275, 190, 204, 246, 205, 217, 204, 228, 227, 174, 193, 189, 193, 211, 259, 211, 237, 245, 187, 176, 205, 193, 235, 242, 251, 169, 209, 222, 213, 212, 274, 221, 249, 207, 251, 218, 188, 200, 302, 228, 240, 202, 231, 222, 207, 181, 211, 190, 220, 186, 229, 192, 209, 211, 297, 210, 210, 159, 241, 193, 261, 224, 182, 196, 183, 283, 192, 226, 256, 229, 228, 206, 212, 254, 243, 183, 222, 215, 304, 200, 207, 205, 209, 255, 224, 207, 203, 244, 208, 196, 234]
2019-04-20 19:30:06,051 [INFO] eval
2019-04-20 19:30:06,767 [INFO] eval-acc=0.903
2019-04-20 19:30:06,768 [INFO] fold 2
2019-04-20 19:30:06,775 [INFO] train
2019-04-20 19:30:06,776 [INFO] n-classes=1500
2019-04-20 19:30:28,172 [INFO] depths = [243, 236, 220, 214, 191, 207, 221, 193, 219, 297, 257, 220, 303, 208, 231, 242, 240, 211, 183, 217, 209, 223, 199, 219, 225, 213, 217, 243, 193, 216, 215, 222, 208, 194, 244, 207, 207, 191, 272, 220, 199, 270, 237, 188, 218, 193, 216, 173, 225, 296, 178, 231, 161, 192, 273, 199, 189, 233, 197, 201, 183, 209, 188, 209, 236, 238, 233, 214, 232, 246, 236, 225, 199, 221, 201, 249, 260, 180, 192, 223, 245, 229, 233, 250, 234, 199, 243, 233, 233, 252, 202, 156, 232, 238, 208, 208, 179, 203, 207, 251]
2019-04-20 19:30:28,869 [INFO] leaf-node-counts = [243, 236, 220, 214, 191, 207, 221, 193, 219, 297, 257, 220, 303, 208, 231, 242, 240, 211, 183, 217, 209, 223, 199, 219, 225, 213, 217, 243, 193, 216, 215, 222, 208, 194, 244, 207, 207, 191, 272, 220, 199, 270, 237, 188, 218, 193, 216, 173, 225, 296, 178, 231, 161, 192, 273, 199, 189, 233, 197, 201, 183, 209, 188, 209, 236, 238, 233, 214, 232, 246, 236, 225, 199, 221, 201, 249, 260, 180, 192, 223, 245, 229, 233, 250, 234, 199, 243, 233, 233, 252, 202, 156, 232, 238, 208, 208, 179, 203, 207, 251]
2019-04-20 19:30:28,869 [INFO] eval
2019-04-20 19:30:29,588 [INFO] eval-acc=0.897
2019-04-20 19:30:29,588 [INFO] fold 3
2019-04-20 19:30:29,593 [INFO] train
2019-04-20 19:30:29,595 [INFO] n-classes=1500
2019-04-20 19:30:50,592 [INFO] depths = [211, 195, 189, 195, 241, 219, 233, 228, 200, 220, 242, 188, 264, 190, 261, 223, 203, 271, 164, 242, 186, 175, 239, 190, 226, 266, 219, 230, 213, 210, 222, 230, 254, 239, 200, 208, 209, 235, 222, 201, 220, 214, 195, 245, 234, 251, 220, 214, 204, 217, 157, 247, 231, 196, 212, 231, 195, 203, 246, 258, 265, 210, 220, 206, 261, 209, 235, 209, 269, 290, 181, 197, 213, 223, 214, 216, 170, 229, 200, 209, 199, 199, 223, 240, 223, 249, 228, 220, 206, 216, 232, 199, 262, 193, 205, 204, 210, 215, 203, 203]
2019-04-20 19:30:51,281 [INFO] leaf-node-counts = [211, 195, 189, 195, 241, 219, 233, 228, 200, 220, 242, 188, 264, 190, 261, 223, 203, 271, 164, 242, 186, 175, 239, 190, 226, 266, 219, 230, 213, 210, 222, 230, 254, 239, 200, 208, 209, 235, 222, 201, 220, 214, 195, 245, 234, 251, 220, 214, 204, 217, 157, 247, 231, 196, 212, 231, 195, 203, 246, 258, 265, 210, 220, 206, 261, 209, 235, 209, 269, 290, 181, 197, 213, 223, 214, 216, 170, 229, 200, 209, 199, 199, 223, 240, 223, 249, 228, 220, 206, 216, 232, 199, 262, 193, 205, 204, 210, 215, 203, 203]
2019-04-20 19:30:51,281 [INFO] eval
2019-04-20 19:30:52,000 [INFO] eval-acc=0.879
2019-04-20 19:30:52,000 [INFO] fold 4
2019-04-20 19:30:52,007 [INFO] train
2019-04-20 19:30:52,009 [INFO] n-classes=1500
2019-04-20 19:31:13,822 [INFO] depths = [240, 230, 228, 187, 243, 245, 213, 219, 192, 249, 194, 224, 188, 206, 222, 208, 209, 223, 251, 210, 270, 228, 214, 218, 200, 218, 245, 235, 230, 259, 198, 224, 229, 277, 192, 302, 225, 238, 251, 288, 190, 232, 245, 242, 210, 269, 177, 216, 240, 221, 180, 260, 214, 172, 177, 271, 243, 227, 229, 244, 187, 219, 205, 219, 263, 273, 204, 233, 220, 218, 249, 207, 214, 212, 225, 188, 241, 258, 211, 179, 265, 223, 204, 231, 246, 197, 169, 244, 228, 196, 209, 261, 203, 190, 255, 280, 201, 227, 230, 215]
2019-04-20 19:31:14,513 [INFO] leaf-node-counts = [240, 230, 228, 187, 243, 245, 213, 219, 192, 249, 194, 224, 188, 206, 222, 208, 209, 223, 251, 210, 270, 228, 214, 218, 200, 218, 245, 235, 230, 259, 198, 224, 229, 277, 192, 302, 225, 238, 251, 288, 190, 232, 245, 242, 210, 269, 177, 216, 240, 221, 180, 260, 214, 172, 177, 271, 243, 227, 229, 244, 187, 219, 205, 219, 263, 273, 204, 233, 220, 218, 249, 207, 214, 212, 225, 188, 241, 258, 211, 179, 265, 223, 204, 231, 246, 197, 169, 244, 228, 196, 209, 261, 203, 190, 255, 280, 201, 227, 230, 215]
2019-04-20 19:31:14,513 [INFO] eval
2019-04-20 19:31:15,232 [INFO] eval-acc=0.903
2019-04-20 19:31:15,232 [INFO] fold 5
2019-04-20 19:31:15,239 [INFO] train
2019-04-20 19:31:15,241 [INFO] n-classes=1500
2019-04-20 19:31:36,434 [INFO] depths = [220, 220, 231, 179, 247, 220, 269, 272, 223, 280, 228, 223, 254, 231, 263, 199, 236, 226, 191, 251, 253, 202, 226, 231, 213, 221, 205, 234, 196, 238, 220, 224, 271, 226, 223, 233, 216, 267, 192, 184, 228, 274, 235, 167, 243, 212, 212, 199, 197, 252, 215, 210, 241, 222, 227, 229, 287, 234, 215, 214, 217, 230, 261, 250, 203, 181, 213, 242, 235, 192, 181, 275, 209, 237, 218, 233, 262, 233, 229, 269, 214, 225, 226, 228, 226, 214, 205, 228, 231, 195, 210, 240, 266, 223, 230, 251, 269, 211, 250, 196]
2019-04-20 19:31:37,119 [INFO] leaf-node-counts = [220, 220, 231, 179, 247, 220, 269, 272, 223, 280, 228, 223, 254, 231, 263, 199, 236, 226, 191, 251, 253, 202, 226, 231, 213, 221, 205, 234, 196, 238, 220, 224, 271, 226, 223, 233, 216, 267, 192, 184, 228, 274, 235, 167, 243, 212, 212, 199, 197, 252, 215, 210, 241, 222, 227, 229, 287, 234, 215, 214, 217, 230, 261, 250, 203, 181, 213, 242, 235, 192, 181, 275, 209, 237, 218, 233, 262, 233, 229, 269, 214, 225, 226, 228, 226, 214, 205, 228, 231, 195, 210, 240, 266, 223, 230, 251, 269, 211, 250, 196]
2019-04-20 19:31:37,119 [INFO] eval
2019-04-20 19:31:37,839 [INFO] eval-acc=0.881
2019-04-20 19:31:37,840 [INFO] fold 6
2019-04-20 19:31:37,844 [INFO] train
2019-04-20 19:31:37,846 [INFO] n-classes=1500
2019-04-20 19:31:59,441 [INFO] depths = [234, 243, 258, 224, 228, 271, 246, 241, 219, 226, 261, 209, 181, 233, 283, 201, 222, 203, 245, 200, 275, 227, 187, 238, 241, 254, 230, 213, 216, 199, 239, 208, 245, 207, 250, 251, 207, 252, 207, 216, 247, 248, 213, 219, 253, 272, 237, 216, 236, 249, 216, 230, 210, 267, 239, 208, 186, 211, 196, 221, 203, 195, 217, 200, 194, 233, 239, 224, 246, 295, 192, 182, 250, 211, 220, 209, 224, 224, 180, 202, 192, 234, 238, 284, 191, 240, 255, 216, 175, 222, 231, 200, 197, 233, 187, 242, 218, 203, 219, 210]
2019-04-20 19:32:00,130 [INFO] leaf-node-counts = [234, 243, 258, 224, 228, 271, 246, 241, 219, 226, 261, 209, 181, 233, 283, 201, 222, 203, 245, 200, 275, 227, 187, 238, 241, 254, 230, 213, 216, 199, 239, 208, 245, 207, 250, 251, 207, 252, 207, 216, 247, 248, 213, 219, 253, 272, 237, 216, 236, 249, 216, 230, 210, 267, 239, 208, 186, 211, 196, 221, 203, 195, 217, 200, 194, 233, 239, 224, 246, 295, 192, 182, 250, 211, 220, 209, 224, 224, 180, 202, 192, 234, 238, 284, 191, 240, 255, 216, 175, 222, 231, 200, 197, 233, 187, 242, 218, 203, 219, 210]
2019-04-20 19:32:00,130 [INFO] eval
2019-04-20 19:32:00,846 [INFO] eval-acc=0.883
2019-04-20 19:32:00,846 [INFO] fold 7
2019-04-20 19:32:00,854 [INFO] train
2019-04-20 19:32:00,855 [INFO] n-classes=1500
2019-04-20 19:32:21,767 [INFO] depths = [188, 211, 223, 224, 207, 228, 242, 158, 231, 249, 217, 253, 200, 188, 215, 194, 267, 207, 181, 164, 281, 187, 220, 194, 243, 192, 210, 244, 196, 197, 221, 228, 215, 214, 182, 245, 189, 233, 242, 231, 208, 239, 218, 221, 187, 258, 230, 177, 209, 260, 235, 210, 218, 190, 221, 243, 210, 255, 224, 209, 203, 194, 210, 253, 194, 203, 205, 284, 270, 204, 204, 252, 226, 181, 184, 225, 223, 214, 181, 237, 209, 246, 210, 227, 220, 246, 233, 217, 226, 255, 205, 261, 291, 200, 229, 225, 209, 154, 234, 210]
2019-04-20 19:32:22,453 [INFO] leaf-node-counts = [188, 211, 223, 224, 207, 228, 242, 158, 231, 249, 217, 253, 200, 188, 215, 194, 267, 207, 181, 164, 281, 187, 220, 194, 243, 192, 210, 244, 196, 197, 221, 228, 215, 214, 182, 245, 189, 233, 242, 231, 208, 239, 218, 221, 187, 258, 230, 177, 209, 260, 235, 210, 218, 190, 221, 243, 210, 255, 224, 209, 203, 194, 210, 253, 194, 203, 205, 284, 270, 204, 204, 252, 226, 181, 184, 225, 223, 214, 181, 237, 209, 246, 210, 227, 220, 246, 233, 217, 226, 255, 205, 261, 291, 200, 229, 225, 209, 154, 234, 210]
2019-04-20 19:32:22,453 [INFO] eval
2019-04-20 19:32:23,169 [INFO] eval-acc=0.883
2019-04-20 19:32:23,169 [INFO] fold 8
2019-04-20 19:32:23,177 [INFO] train
2019-04-20 19:32:23,179 [INFO] n-classes=1500
2019-04-20 19:32:44,879 [INFO] depths = [235, 273, 216, 216, 187, 181, 246, 249, 182, 227, 226, 228, 225, 207, 209, 216, 202, 192, 204, 232, 199, 229, 202, 240, 246, 219, 216, 224, 244, 194, 237, 203, 237, 242, 180, 254, 210, 243, 242, 269, 265, 228, 224, 220, 241, 266, 189, 173, 225, 185, 242, 210, 190, 194, 237, 184, 228, 240, 221, 228, 266, 249, 240, 202, 222, 279, 264, 195, 219, 210, 243, 233, 215, 230, 198, 243, 229, 229, 195, 192, 235, 230, 210, 216, 262, 187, 295, 246, 186, 182, 228, 209, 180, 235, 249, 241, 232, 241, 189, 210]
2019-04-20 19:32:45,567 [INFO] leaf-node-counts = [235, 273, 216, 216, 187, 181, 246, 249, 182, 227, 226, 228, 225, 207, 209, 216, 202, 192, 204, 232, 199, 229, 202, 240, 246, 219, 216, 224, 244, 194, 237, 203, 237, 242, 180, 254, 210, 243, 242, 269, 265, 228, 224, 220, 241, 266, 189, 173, 225, 185, 242, 210, 190, 194, 237, 184, 228, 240, 221, 228, 266, 249, 240, 202, 222, 279, 264, 195, 219, 210, 243, 233, 215, 230, 198, 243, 229, 229, 195, 192, 235, 230, 210, 216, 262, 187, 295, 246, 186, 182, 228, 209, 180, 235, 249, 241, 232, 241, 189, 210]
2019-04-20 19:32:45,567 [INFO] eval
2019-04-20 19:32:46,283 [INFO] eval-acc=0.893
2019-04-20 19:32:46,594 [INFO] acc-mean=0.889 acc-std=0.009 acc-max=0.903
{"metrics": {"acc_max": 0.9026666666666666, "acc_mean": 0.8893333333333333, "acc_std": 0.0089110834025615}, "options": {"cutoff": 9, "json_result": true, "max_classes": 1500, "max_depth": null, "max_features": 2500, "max_leaf_nodes_scale": null, "n_estimators": 100, "n_jobs": -1, "name": null, "path_c": null, "path_cpp": null, "path_py": "/home/dexter/Downloads/gcj-py-table3.jsonl", "preset_c": "none", "preset_cpp": "none", "preset_py": "none", "seed": 7285531, "show_progress": false, "verbose": false}}
/home/dexter/anaconda2/envs/diora/lib/python3.6/site-packages/sklearn/ensemble/weight_boosting.py:29: DeprecationWarning: numpy.core.umath_tests is an internal NumPy module and should not be imported. It will be removed in a future NumPy release.
  from numpy.core.umath_tests import inner1d
2019-04-20 19:32:49,781 [INFO] start
2019-04-20 19:33:06,905 [INFO] balancing data
2019-04-20 19:33:07,866 [INFO] found 2200 eligible classes
2019-04-20 19:33:07,866 [INFO] downsampled to 2000 classes
2019-04-20 19:33:07,876 [INFO] joining strings
2019-04-20 19:33:07,978 [INFO] tfidf data
2019-04-20 19:33:10,258 [INFO] language-counter=Counter({'python': 18000})
2019-04-20 19:33:10,258 [INFO] fold 0
2019-04-20 19:33:10,865 [INFO] train
2019-04-20 19:33:10,867 [INFO] n-classes=2000
2019-04-20 19:33:46,500 [INFO] depths = [293, 273, 262, 275, 245, 245, 209, 231, 241, 222, 182, 207, 235, 202, 265, 210, 217, 205, 263, 259, 291, 246, 236, 234, 205, 263, 237, 249, 237, 218, 248, 211, 299, 240, 232, 255, 236, 206, 304, 285, 239, 202, 275, 241, 244, 251, 240, 220, 255, 302, 302, 268, 211, 261, 242, 275, 309, 240, 272, 272, 269, 243, 228, 272, 298, 228, 222, 217, 248, 241, 248, 238, 255, 275, 193, 232, 204, 228, 235, 272, 236, 202, 217, 279, 225, 310, 216, 244, 234, 226, 295, 279, 269, 201, 241, 238, 218, 251, 230, 243]
2019-04-20 19:33:47,455 [INFO] leaf-node-counts = [293, 273, 262, 275, 245, 245, 209, 231, 241, 222, 182, 207, 235, 202, 265, 210, 217, 205, 263, 259, 291, 246, 236, 234, 205, 263, 237, 249, 237, 218, 248, 211, 299, 240, 232, 255, 236, 206, 304, 285, 239, 202, 275, 241, 244, 251, 240, 220, 255, 302, 302, 268, 211, 261, 242, 275, 309, 240, 272, 272, 269, 243, 228, 272, 298, 228, 222, 217, 248, 241, 248, 238, 255, 275, 193, 232, 204, 228, 235, 272, 236, 202, 217, 279, 225, 310, 216, 244, 234, 226, 295, 279, 269, 201, 241, 238, 218, 251, 230, 243]
2019-04-20 19:33:47,455 [INFO] eval
2019-04-20 19:33:48,578 [INFO] eval-acc=0.887
2019-04-20 19:33:48,578 [INFO] fold 1
2019-04-20 19:33:48,583 [INFO] train
2019-04-20 19:33:48,585 [INFO] n-classes=2000
2019-04-20 19:34:49,625 [INFO] depths = [253, 259, 234, 193, 250, 208, 281, 208, 243, 207, 230, 197, 217, 248, 222, 207, 236, 254, 247, 259, 244, 239, 211, 250, 210, 255, 197, 254, 255, 247, 226, 213, 280, 246, 241, 261, 264, 236, 243, 285, 286, 245, 182, 279, 264, 260, 212, 257, 179, 233, 244, 232, 308, 305, 306, 217, 249, 257, 228, 237, 239, 213, 242, 282, 238, 259, 213, 189, 210, 304, 225, 229, 238, 267, 212, 214, 229, 202, 218, 243, 234, 238, 237, 253, 217, 244, 186, 295, 216, 217, 230, 238, 244, 176, 277, 227, 273, 219, 246, 260]
2019-04-20 19:34:51,133 [INFO] leaf-node-counts = [253, 259, 234, 193, 250, 208, 281, 208, 243, 207, 230, 197, 217, 248, 222, 207, 236, 254, 247, 259, 244, 239, 211, 250, 210, 255, 197, 254, 255, 247, 226, 213, 280, 246, 241, 261, 264, 236, 243, 285, 286, 245, 182, 279, 264, 260, 212, 257, 179, 233, 244, 232, 308, 305, 306, 217, 249, 257, 228, 237, 239, 213, 242, 282, 238, 259, 213, 189, 210, 304, 225, 229, 238, 267, 212, 214, 229, 202, 218, 243, 234, 238, 237, 253, 217, 244, 186, 295, 216, 217, 230, 238, 244, 176, 277, 227, 273, 219, 246, 260]
2019-04-20 19:34:51,134 [INFO] eval
2019-04-20 19:34:52,482 [INFO] eval-acc=0.887
2019-04-20 19:34:52,482 [INFO] fold 2
2019-04-20 19:34:52,689 [INFO] train
2019-04-20 19:34:52,701 [INFO] n-classes=2000
2019-04-20 19:35:40,579 [INFO] depths = [252, 226, 250, 250, 221, 227, 265, 215, 229, 278, 282, 229, 289, 236, 241, 232, 217, 250, 213, 225, 246, 264, 210, 212, 225, 203, 277, 274, 205, 192, 231, 219, 265, 242, 217, 244, 260, 213, 222, 199, 226, 235, 191, 236, 235, 215, 308, 265, 241, 258, 214, 222, 299, 244, 260, 260, 188, 258, 231, 231, 225, 208, 213, 277, 243, 236, 298, 200, 207, 245, 269, 235, 275, 264, 245, 218, 284, 233, 249, 213, 185, 239, 206, 256, 272, 264, 225, 177, 199, 244, 225, 240, 221, 211, 228, 209, 222, 252, 296, 229]
2019-04-20 19:35:41,739 [INFO] leaf-node-counts = [252, 226, 250, 250, 221, 227, 265, 215, 229, 278, 282, 229, 289, 236, 241, 232, 217, 250, 213, 225, 246, 264, 210, 212, 225, 203, 277, 274, 205, 192, 231, 219, 265, 242, 217, 244, 260, 213, 222, 199, 226, 235, 191, 236, 235, 215, 308, 265, 241, 258, 214, 222, 299, 244, 260, 260, 188, 258, 231, 231, 225, 208, 213, 277, 243, 236, 298, 200, 207, 245, 269, 235, 275, 264, 245, 218, 284, 233, 249, 213, 185, 239, 206, 256, 272, 264, 225, 177, 199, 244, 225, 240, 221, 211, 228, 209, 222, 252, 296, 229]
2019-04-20 19:35:41,739 [INFO] eval
2019-04-20 19:35:42,902 [INFO] eval-acc=0.884
2019-04-20 19:35:42,902 [INFO] fold 3
2019-04-20 19:35:42,930 [INFO] train
2019-04-20 19:35:42,934 [INFO] n-classes=2000
2019-04-20 19:36:31,707 [INFO] depths = [308, 206, 206, 313, 196, 238, 196, 227, 241, 216, 246, 213, 276, 220, 229, 257, 205, 240, 235, 231, 214, 258, 233, 200, 251, 231, 279, 250, 190, 188, 286, 222, 240, 228, 240, 248, 244, 239, 197, 249, 252, 245, 233, 239, 264, 284, 200, 222, 288, 299, 268, 233, 246, 286, 234, 220, 218, 265, 228, 219, 190, 196, 237, 230, 258, 226, 255, 294, 265, 204, 239, 259, 259, 178, 239, 273, 290, 208, 200, 222, 236, 229, 204, 230, 259, 217, 273, 261, 212, 249, 266, 236, 240, 282, 238, 227, 232, 214, 201, 287]
2019-04-20 19:36:33,112 [INFO] leaf-node-counts = [308, 206, 206, 313, 196, 238, 196, 227, 241, 216, 246, 213, 276, 220, 229, 257, 205, 240, 235, 231, 214, 258, 233, 200, 251, 231, 279, 250, 190, 188, 286, 222, 240, 228, 240, 248, 244, 239, 197, 249, 252, 245, 233, 239, 264, 284, 200, 222, 288, 299, 268, 233, 246, 286, 234, 220, 218, 265, 228, 219, 190, 196, 237, 230, 258, 226, 255, 294, 265, 204, 239, 259, 259, 178, 239, 273, 290, 208, 200, 222, 236, 229, 204, 230, 259, 217, 273, 261, 212, 249, 266, 236, 240, 282, 238, 227, 232, 214, 201, 287]
2019-04-20 19:36:33,112 [INFO] eval
2019-04-20 19:36:34,476 [INFO] eval-acc=0.874
2019-04-20 19:36:34,476 [INFO] fold 4
2019-04-20 19:36:34,596 [INFO] train
2019-04-20 19:36:34,600 [INFO] n-classes=2000
2019-04-20 19:37:26,074 [INFO] depths = [241, 207, 267, 250, 273, 257, 242, 292, 244, 212, 249, 224, 277, 218, 215, 207, 245, 274, 269, 257, 245, 236, 272, 226, 335, 204, 231, 204, 344, 199, 199, 264, 242, 297, 260, 271, 218, 246, 225, 280, 244, 236, 214, 209, 205, 207, 280, 248, 214, 236, 246, 214, 214, 253, 225, 225, 235, 243, 218, 262, 187, 215, 278, 204, 236, 250, 233, 238, 207, 198, 232, 255, 227, 243, 217, 256, 242, 233, 248, 239, 216, 214, 208, 243, 249, 207, 195, 201, 230, 241, 199, 211, 213, 246, 247, 315, 273, 252, 283, 288]
2019-04-20 19:37:27,434 [INFO] leaf-node-counts = [241, 207, 267, 250, 273, 257, 242, 292, 244, 212, 249, 224, 277, 218, 215, 207, 245, 274, 269, 257, 245, 236, 272, 226, 335, 204, 231, 204, 344, 199, 199, 264, 242, 297, 260, 271, 218, 246, 225, 280, 244, 236, 214, 209, 205, 207, 280, 248, 214, 236, 246, 214, 214, 253, 225, 225, 235, 243, 218, 262, 187, 215, 278, 204, 236, 250, 233, 238, 207, 198, 232, 255, 227, 243, 217, 256, 242, 233, 248, 239, 216, 214, 208, 243, 249, 207, 195, 201, 230, 241, 199, 211, 213, 246, 247, 315, 273, 252, 283, 288]
2019-04-20 19:37:27,435 [INFO] eval
2019-04-20 19:37:28,662 [INFO] eval-acc=0.882
2019-04-20 19:37:28,662 [INFO] fold 5
2019-04-20 19:37:28,694 [INFO] train
2019-04-20 19:37:28,697 [INFO] n-classes=2000
2019-04-20 19:38:18,010 [INFO] depths = [223, 181, 212, 278, 218, 238, 220, 262, 215, 217, 170, 266, 298, 244, 222, 237, 260, 236, 186, 230, 243, 207, 245, 257, 244, 246, 190, 242, 225, 277, 233, 285, 275, 217, 265, 229, 322, 214, 216, 312, 305, 239, 242, 258, 200, 298, 211, 228, 276, 228, 279, 193, 255, 251, 233, 269, 232, 244, 227, 243, 228, 242, 266, 256, 230, 296, 207, 211, 232, 181, 182, 184, 228, 236, 266, 223, 234, 284, 269, 256, 192, 232, 172, 242, 205, 241, 240, 278, 185, 217, 200, 220, 268, 248, 259, 307, 199, 215, 207, 242]
2019-04-20 19:38:19,416 [INFO] leaf-node-counts = [223, 181, 212, 278, 218, 238, 220, 262, 215, 217, 170, 266, 298, 244, 222, 237, 260, 236, 186, 230, 243, 207, 245, 257, 244, 246, 190, 242, 225, 277, 233, 285, 275, 217, 265, 229, 322, 214, 216, 312, 305, 239, 242, 258, 200, 298, 211, 228, 276, 228, 279, 193, 255, 251, 233, 269, 232, 244, 227, 243, 228, 242, 266, 256, 230, 296, 207, 211, 232, 181, 182, 184, 228, 236, 266, 223, 234, 284, 269, 256, 192, 232, 172, 242, 205, 241, 240, 278, 185, 217, 200, 220, 268, 248, 259, 307, 199, 215, 207, 242]
2019-04-20 19:38:19,416 [INFO] eval
2019-04-20 19:38:20,716 [INFO] eval-acc=0.874
2019-04-20 19:38:20,716 [INFO] fold 6
2019-04-20 19:38:20,760 [INFO] train
2019-04-20 19:38:20,764 [INFO] n-classes=2000
2019-04-20 19:39:11,466 [INFO] depths = [263, 193, 219, 212, 221, 255, 250, 273, 234, 277, 197, 194, 233, 253, 269, 218, 257, 240, 189, 278, 237, 279, 243, 276, 264, 235, 277, 244, 183, 251, 268, 190, 273, 223, 201, 223, 218, 252, 288, 261, 268, 198, 208, 217, 277, 215, 231, 234, 205, 238, 255, 241, 238, 224, 238, 261, 207, 267, 218, 213, 258, 251, 263, 299, 251, 256, 193, 255, 231, 261, 249, 226, 264, 284, 233, 222, 240, 221, 278, 212, 182, 247, 237, 290, 234, 163, 257, 203, 227, 226, 215, 240, 252, 208, 220, 228, 229, 232, 229, 202]
2019-04-20 19:39:12,699 [INFO] leaf-node-counts = [263, 193, 219, 212, 221, 255, 250, 273, 234, 277, 197, 194, 233, 253, 269, 218, 257, 240, 189, 278, 237, 279, 243, 276, 264, 235, 277, 244, 183, 251, 268, 190, 273, 223, 201, 223, 218, 252, 288, 261, 268, 198, 208, 217, 277, 215, 231, 234, 205, 238, 255, 241, 238, 224, 238, 261, 207, 267, 218, 213, 258, 251, 263, 299, 251, 256, 193, 255, 231, 261, 249, 226, 264, 284, 233, 222, 240, 221, 278, 212, 182, 247, 237, 290, 234, 163, 257, 203, 227, 226, 215, 240, 252, 208, 220, 228, 229, 232, 229, 202]
2019-04-20 19:39:12,699 [INFO] eval
2019-04-20 19:39:13,987 [INFO] eval-acc=0.872
2019-04-20 19:39:13,987 [INFO] fold 7
2019-04-20 19:39:14,105 [INFO] train
2019-04-20 19:39:14,109 [INFO] n-classes=2000
2019-04-20 19:40:05,003 [INFO] depths = [238, 236, 237, 205, 192, 199, 218, 264, 227, 271, 254, 235, 222, 235, 203, 206, 193, 269, 200, 196, 260, 253, 237, 188, 224, 186, 208, 260, 182, 235, 212, 225, 292, 190, 179, 246, 187, 269, 253, 245, 230, 194, 217, 194, 239, 289, 224, 284, 259, 224, 249, 182, 237, 245, 238, 207, 203, 254, 242, 240, 185, 232, 196, 289, 257, 281, 226, 216, 242, 206, 173, 230, 219, 228, 198, 263, 232, 263, 260, 213, 213, 246, 252, 257, 194, 237, 210, 226, 216, 240, 206, 271, 248, 201, 227, 206, 226, 211, 285, 189]
2019-04-20 19:40:06,304 [INFO] leaf-node-counts = [238, 236, 237, 205, 192, 199, 218, 264, 227, 271, 254, 235, 222, 235, 203, 206, 193, 269, 200, 196, 260, 253, 237, 188, 224, 186, 208, 260, 182, 235, 212, 225, 292, 190, 179, 246, 187, 269, 253, 245, 230, 194, 217, 194, 239, 289, 224, 284, 259, 224, 249, 182, 237, 245, 238, 207, 203, 254, 242, 240, 185, 232, 196, 289, 257, 281, 226, 216, 242, 206, 173, 230, 219, 228, 198, 263, 232, 263, 260, 213, 213, 246, 252, 257, 194, 237, 210, 226, 216, 240, 206, 271, 248, 201, 227, 206, 226, 211, 285, 189]
2019-04-20 19:40:06,304 [INFO] eval
2019-04-20 19:40:07,690 [INFO] eval-acc=0.874
2019-04-20 19:40:07,690 [INFO] fold 8
2019-04-20 19:40:07,784 [INFO] train
2019-04-20 19:40:07,790 [INFO] n-classes=2000
2019-04-20 19:40:57,453 [INFO] depths = [257, 231, 236, 220, 218, 198, 281, 268, 208, 218, 233, 237, 212, 271, 230, 252, 227, 251, 222, 223, 228, 246, 246, 211, 205, 216, 188, 206, 238, 237, 265, 264, 258, 222, 218, 255, 233, 300, 217, 218, 244, 221, 209, 224, 240, 263, 256, 250, 198, 251, 264, 234, 213, 249, 258, 289, 216, 264, 299, 213, 208, 221, 218, 245, 236, 247, 255, 182, 306, 240, 238, 232, 205, 227, 253, 192, 180, 231, 218, 279, 190, 232, 247, 280, 195, 247, 192, 281, 240, 215, 245, 196, 256, 196, 253, 208, 250, 249, 242, 298]
2019-04-20 19:40:58,690 [INFO] leaf-node-counts = [257, 231, 236, 220, 218, 198, 281, 268, 208, 218, 233, 237, 212, 271, 230, 252, 227, 251, 222, 223, 228, 246, 246, 211, 205, 216, 188, 206, 238, 237, 265, 264, 258, 222, 218, 255, 233, 300, 217, 218, 244, 221, 209, 224, 240, 263, 256, 250, 198, 251, 264, 234, 213, 249, 258, 289, 216, 264, 299, 213, 208, 221, 218, 245, 236, 247, 255, 182, 306, 240, 238, 232, 205, 227, 253, 192, 180, 231, 218, 279, 190, 232, 247, 280, 195, 247, 192, 281, 240, 215, 245, 196, 256, 196, 253, 208, 250, 249, 242, 298]
2019-04-20 19:40:58,690 [INFO] eval
2019-04-20 19:40:59,927 [INFO] eval-acc=0.884
2019-04-20 19:41:00,566 [INFO] acc-mean=0.880 acc-std=0.006 acc-max=0.887
{"metrics": {"acc_max": 0.887, "acc_mean": 0.8797777777777778, "acc_std": 0.006005141829720723}, "options": {"cutoff": 9, "json_result": true, "max_classes": 2000, "max_depth": null, "max_features": 2500, "max_leaf_nodes_scale": null, "n_estimators": 100, "n_jobs": -1, "name": null, "path_c": null, "path_cpp": null, "path_py": "/home/dexter/Downloads/gcj-py-table3.jsonl", "preset_c": "none", "preset_cpp": "none", "preset_py": "none", "seed": 1475522, "show_progress": false, "verbose": false}}
