begin
/home/dexter/anaconda2/envs/diora/lib/python3.6/site-packages/sklearn/ensemble/weight_boosting.py:29: DeprecationWarning: numpy.core.umath_tests is an internal NumPy module and should not be imported. It will be removed in a future NumPy release.
  from numpy.core.umath_tests import inner1d
2019-04-20 20:12:32,728 [INFO] start
2019-04-20 20:12:49,865 [INFO] balancing data
2019-04-20 20:12:50,792 [INFO] found 2200 eligible classes
2019-04-20 20:12:50,792 [INFO] downsampled to 50 classes
2019-04-20 20:12:50,794 [INFO] joining strings
2019-04-20 20:12:50,797 [INFO] tfidf data
2019-04-20 20:12:51,399 [INFO] language-counter=Counter({'python': 450})
2019-04-20 20:12:51,399 [INFO] fold 0
2019-04-20 20:12:51,407 [INFO] train
2019-04-20 20:12:51,407 [INFO] n-classes=50
2019-04-20 20:12:51,570 [INFO] depths = [43, 64, 28, 48, 38, 40, 31, 38, 32, 43, 32, 45, 42, 59, 33, 30, 44, 43, 45, 31, 49, 37, 32, 38, 40, 54, 45, 40, 37, 42, 33, 46, 40, 35, 42, 38, 48, 46, 46, 39, 61, 51, 67, 42, 29, 36, 31, 31, 37, 38, 56, 28, 39, 44, 44, 38, 40, 48, 38, 40, 37, 50, 47, 36, 38, 34, 46, 36, 36, 47, 44, 38, 42, 38, 45, 24, 32, 50, 50, 51, 44, 43, 46, 42, 40, 35, 40, 61, 24, 45, 46, 27, 46, 32, 41, 46, 40, 42, 40, 59]
2019-04-20 20:12:51,600 [INFO] leaf-node-counts = [43, 64, 28, 48, 38, 40, 31, 38, 32, 43, 32, 45, 42, 59, 33, 30, 44, 43, 45, 31, 49, 37, 32, 38, 40, 54, 45, 40, 37, 42, 33, 46, 40, 35, 42, 38, 48, 46, 46, 39, 61, 51, 67, 42, 29, 36, 31, 31, 37, 38, 56, 28, 39, 44, 44, 38, 40, 48, 38, 40, 37, 50, 47, 36, 38, 34, 46, 36, 36, 47, 44, 38, 42, 38, 45, 24, 32, 50, 50, 51, 44, 43, 46, 42, 40, 35, 40, 61, 24, 45, 46, 27, 46, 32, 41, 46, 40, 42, 40, 59]
2019-04-20 20:12:51,600 [INFO] eval
2019-04-20 20:12:51,703 [INFO] eval-acc=0.960
2019-04-20 20:12:51,703 [INFO] fold 1
2019-04-20 20:12:51,705 [INFO] train
2019-04-20 20:12:51,705 [INFO] n-classes=50
2019-04-20 20:12:51,983 [INFO] depths = [39, 37, 36, 39, 39, 54, 39, 41, 48, 33, 48, 36, 45, 32, 33, 50, 26, 44, 44, 56, 36, 43, 24, 40, 44, 29, 49, 50, 55, 37, 58, 36, 46, 48, 40, 51, 47, 54, 65, 44, 45, 37, 46, 30, 42, 33, 39, 33, 44, 48, 32, 41, 56, 45, 48, 35, 53, 42, 51, 53, 37, 35, 34, 41, 46, 41, 46, 48, 44, 35, 29, 52, 33, 36, 31, 39, 44, 40, 36, 40, 29, 38, 43, 51, 45, 42, 49, 38, 39, 49, 50, 31, 27, 41, 26, 45, 44, 37, 49, 38]
2019-04-20 20:12:52,012 [INFO] leaf-node-counts = [39, 37, 36, 39, 39, 54, 39, 41, 48, 33, 48, 36, 45, 32, 33, 50, 26, 44, 44, 56, 36, 43, 24, 40, 44, 29, 49, 50, 55, 37, 58, 36, 46, 48, 40, 51, 47, 54, 65, 44, 45, 37, 46, 30, 42, 33, 39, 33, 44, 48, 32, 41, 56, 45, 48, 35, 53, 42, 51, 53, 37, 35, 34, 41, 46, 41, 46, 48, 44, 35, 29, 52, 33, 36, 31, 39, 44, 40, 36, 40, 29, 38, 43, 51, 45, 42, 49, 38, 39, 49, 50, 31, 27, 41, 26, 45, 44, 37, 49, 38]
2019-04-20 20:12:52,012 [INFO] eval
2019-04-20 20:12:52,115 [INFO] eval-acc=0.920
2019-04-20 20:12:52,116 [INFO] fold 2
2019-04-20 20:12:52,118 [INFO] train
2019-04-20 20:12:52,118 [INFO] n-classes=50
2019-04-20 20:12:52,394 [INFO] depths = [53, 55, 69, 43, 48, 39, 54, 46, 40, 46, 50, 42, 46, 46, 51, 41, 37, 38, 38, 35, 51, 36, 32, 46, 48, 38, 36, 39, 30, 46, 41, 48, 41, 40, 33, 40, 55, 53, 50, 39, 46, 44, 45, 24, 42, 47, 49, 33, 45, 53, 39, 33, 45, 39, 36, 42, 48, 34, 45, 39, 45, 49, 39, 36, 52, 36, 40, 43, 42, 35, 54, 44, 48, 51, 40, 44, 62, 49, 42, 28, 44, 42, 47, 49, 40, 35, 38, 41, 39, 36, 56, 42, 63, 39, 39, 29, 44, 37, 29, 41]
2019-04-20 20:12:52,428 [INFO] leaf-node-counts = [53, 55, 69, 43, 48, 39, 54, 46, 40, 46, 50, 42, 46, 46, 51, 41, 37, 38, 38, 35, 51, 36, 32, 46, 48, 38, 36, 39, 30, 46, 41, 48, 41, 40, 33, 40, 55, 53, 50, 39, 46, 44, 45, 24, 42, 47, 49, 33, 45, 53, 39, 33, 45, 39, 36, 42, 48, 34, 45, 39, 45, 49, 39, 36, 52, 36, 40, 43, 42, 35, 54, 44, 48, 51, 40, 44, 62, 49, 42, 28, 44, 42, 47, 49, 40, 35, 38, 41, 39, 36, 56, 42, 63, 39, 39, 29, 44, 37, 29, 41]
2019-04-20 20:12:52,428 [INFO] eval
2019-04-20 20:12:52,531 [INFO] eval-acc=1.000
2019-04-20 20:12:52,531 [INFO] fold 3
2019-04-20 20:12:52,534 [INFO] train
2019-04-20 20:12:52,534 [INFO] n-classes=50
2019-04-20 20:12:52,812 [INFO] depths = [33, 46, 41, 36, 34, 36, 43, 61, 45, 61, 46, 43, 37, 45, 46, 37, 55, 37, 38, 49, 44, 40, 45, 50, 49, 40, 52, 54, 50, 37, 42, 32, 35, 58, 44, 48, 34, 44, 52, 38, 42, 43, 37, 27, 45, 48, 36, 45, 41, 47, 43, 40, 36, 43, 49, 41, 46, 32, 51, 38, 37, 45, 34, 46, 49, 31, 29, 43, 54, 40, 45, 38, 38, 36, 38, 48, 41, 42, 36, 39, 41, 41, 36, 41, 41, 40, 39, 40, 32, 49, 52, 49, 49, 50, 38, 40, 48, 30, 47, 53]
2019-04-20 20:12:52,842 [INFO] leaf-node-counts = [33, 46, 41, 36, 34, 36, 43, 61, 45, 61, 46, 43, 37, 45, 46, 37, 55, 37, 38, 49, 44, 40, 45, 50, 49, 40, 52, 54, 50, 37, 42, 32, 35, 58, 44, 48, 34, 44, 52, 38, 42, 43, 37, 27, 45, 48, 36, 45, 41, 47, 43, 40, 36, 43, 49, 41, 46, 32, 51, 38, 37, 45, 34, 46, 49, 31, 29, 43, 54, 40, 45, 38, 38, 36, 38, 48, 41, 42, 36, 39, 41, 41, 36, 41, 41, 40, 39, 40, 32, 49, 52, 49, 49, 50, 38, 40, 48, 30, 47, 53]
2019-04-20 20:12:52,842 [INFO] eval
2019-04-20 20:12:52,945 [INFO] eval-acc=0.920
2019-04-20 20:12:52,946 [INFO] fold 4
2019-04-20 20:12:52,948 [INFO] train
2019-04-20 20:12:52,948 [INFO] n-classes=50
2019-04-20 20:12:53,230 [INFO] depths = [31, 37, 49, 43, 39, 38, 34, 33, 32, 39, 57, 36, 51, 45, 40, 34, 38, 37, 41, 31, 42, 45, 44, 46, 31, 33, 45, 41, 32, 50, 39, 52, 45, 43, 46, 42, 40, 43, 43, 43, 32, 37, 46, 30, 68, 51, 55, 29, 45, 42, 41, 41, 38, 38, 43, 42, 49, 64, 36, 48, 41, 36, 42, 38, 36, 34, 36, 54, 31, 43, 39, 38, 41, 40, 44, 36, 44, 51, 35, 39, 35, 34, 34, 64, 38, 38, 40, 47, 30, 44, 45, 37, 59, 45, 23, 49, 35, 42, 35, 27]
2019-04-20 20:12:53,261 [INFO] leaf-node-counts = [31, 37, 49, 43, 39, 38, 34, 33, 32, 39, 57, 36, 51, 45, 40, 34, 38, 37, 41, 31, 42, 45, 44, 46, 31, 33, 45, 41, 32, 50, 39, 52, 45, 43, 46, 42, 40, 43, 43, 43, 32, 37, 46, 30, 68, 51, 55, 29, 45, 42, 41, 41, 38, 38, 43, 42, 49, 64, 36, 48, 41, 36, 42, 38, 36, 34, 36, 54, 31, 43, 39, 38, 41, 40, 44, 36, 44, 51, 35, 39, 35, 34, 34, 64, 38, 38, 40, 47, 30, 44, 45, 37, 59, 45, 23, 49, 35, 42, 35, 27]
2019-04-20 20:12:53,261 [INFO] eval
2019-04-20 20:12:53,364 [INFO] eval-acc=0.960
2019-04-20 20:12:53,364 [INFO] fold 5
2019-04-20 20:12:53,366 [INFO] train
2019-04-20 20:12:53,367 [INFO] n-classes=50
2019-04-20 20:12:53,646 [INFO] depths = [36, 36, 34, 32, 40, 37, 46, 48, 38, 47, 52, 39, 44, 39, 43, 31, 42, 33, 49, 28, 38, 47, 45, 43, 47, 45, 47, 40, 26, 39, 45, 40, 43, 37, 30, 43, 34, 51, 43, 43, 42, 29, 36, 30, 60, 29, 31, 31, 45, 44, 37, 42, 42, 54, 36, 39, 39, 30, 45, 34, 49, 39, 40, 50, 51, 43, 48, 44, 37, 37, 42, 47, 45, 34, 41, 31, 36, 48, 26, 42, 37, 50, 40, 35, 40, 33, 33, 41, 39, 48, 51, 38, 38, 37, 27, 33, 51, 51, 27, 40]
2019-04-20 20:12:53,677 [INFO] leaf-node-counts = [36, 36, 34, 32, 40, 37, 46, 48, 38, 47, 52, 39, 44, 39, 43, 31, 42, 33, 49, 28, 38, 47, 45, 43, 47, 45, 47, 40, 26, 39, 45, 40, 43, 37, 30, 43, 34, 51, 43, 43, 42, 29, 36, 30, 60, 29, 31, 31, 45, 44, 37, 42, 42, 54, 36, 39, 39, 30, 45, 34, 49, 39, 40, 50, 51, 43, 48, 44, 37, 37, 42, 47, 45, 34, 41, 31, 36, 48, 26, 42, 37, 50, 40, 35, 40, 33, 33, 41, 39, 48, 51, 38, 38, 37, 27, 33, 51, 51, 27, 40]
2019-04-20 20:12:53,677 [INFO] eval
2019-04-20 20:12:53,781 [INFO] eval-acc=0.920
2019-04-20 20:12:53,781 [INFO] fold 6
2019-04-20 20:12:53,783 [INFO] train
2019-04-20 20:12:53,783 [INFO] n-classes=50
2019-04-20 20:12:54,063 [INFO] depths = [43, 39, 54, 50, 40, 38, 50, 42, 29, 41, 38, 51, 56, 41, 48, 48, 35, 45, 30, 35, 38, 46, 42, 40, 37, 41, 45, 59, 37, 31, 43, 39, 41, 32, 40, 61, 51, 48, 51, 47, 44, 33, 37, 36, 43, 40, 34, 45, 41, 49, 55, 49, 51, 49, 36, 46, 49, 43, 43, 52, 26, 48, 45, 41, 40, 39, 35, 35, 34, 30, 53, 53, 47, 38, 42, 32, 29, 49, 49, 44, 47, 32, 35, 37, 44, 33, 29, 43, 24, 34, 45, 36, 39, 34, 29, 42, 56, 46, 28, 60]
2019-04-20 20:12:54,094 [INFO] leaf-node-counts = [43, 39, 54, 50, 40, 38, 50, 42, 29, 41, 38, 51, 56, 41, 48, 48, 35, 45, 30, 35, 38, 46, 42, 40, 37, 41, 45, 59, 37, 31, 43, 39, 41, 32, 40, 61, 51, 48, 51, 47, 44, 33, 37, 36, 43, 40, 34, 45, 41, 49, 55, 49, 51, 49, 36, 46, 49, 43, 43, 52, 26, 48, 45, 41, 40, 39, 35, 35, 34, 30, 53, 53, 47, 38, 42, 32, 29, 49, 49, 44, 47, 32, 35, 37, 44, 33, 29, 43, 24, 34, 45, 36, 39, 34, 29, 42, 56, 46, 28, 60]
2019-04-20 20:12:54,094 [INFO] eval
2019-04-20 20:12:54,198 [INFO] eval-acc=0.960
2019-04-20 20:12:54,198 [INFO] fold 7
2019-04-20 20:12:54,200 [INFO] train
2019-04-20 20:12:54,201 [INFO] n-classes=50
2019-04-20 20:12:54,480 [INFO] depths = [29, 46, 33, 45, 45, 37, 45, 48, 33, 39, 35, 46, 56, 44, 39, 61, 63, 39, 42, 43, 44, 29, 43, 58, 28, 53, 34, 47, 43, 52, 36, 34, 42, 47, 52, 55, 51, 50, 62, 37, 38, 45, 35, 31, 51, 51, 33, 33, 34, 49, 49, 50, 44, 51, 45, 52, 50, 54, 38, 42, 50, 52, 44, 35, 35, 36, 49, 37, 48, 40, 45, 35, 34, 52, 43, 42, 32, 48, 49, 43, 48, 31, 47, 33, 35, 39, 38, 33, 26, 37, 42, 40, 36, 42, 37, 34, 57, 54, 44, 43]
2019-04-20 20:12:54,510 [INFO] leaf-node-counts = [29, 46, 33, 45, 45, 37, 45, 48, 33, 39, 35, 46, 56, 44, 39, 61, 63, 39, 42, 43, 44, 29, 43, 58, 28, 53, 34, 47, 43, 52, 36, 34, 42, 47, 52, 55, 51, 50, 62, 37, 38, 45, 35, 31, 51, 51, 33, 33, 34, 49, 49, 50, 44, 51, 45, 52, 50, 54, 38, 42, 50, 52, 44, 35, 35, 36, 49, 37, 48, 40, 45, 35, 34, 52, 43, 42, 32, 48, 49, 43, 48, 31, 47, 33, 35, 39, 38, 33, 26, 37, 42, 40, 36, 42, 37, 34, 57, 54, 44, 43]
2019-04-20 20:12:54,510 [INFO] eval
2019-04-20 20:12:54,614 [INFO] eval-acc=0.980
2019-04-20 20:12:54,614 [INFO] fold 8
2019-04-20 20:12:54,616 [INFO] train
2019-04-20 20:12:54,616 [INFO] n-classes=50
2019-04-20 20:12:54,899 [INFO] depths = [39, 44, 51, 43, 47, 38, 45, 43, 48, 45, 38, 48, 43, 34, 32, 61, 53, 37, 40, 35, 50, 37, 40, 37, 38, 48, 50, 43, 45, 34, 39, 42, 33, 42, 52, 50, 48, 41, 46, 41, 40, 27, 38, 44, 40, 45, 45, 29, 40, 30, 38, 27, 40, 29, 37, 38, 29, 39, 45, 36, 50, 48, 41, 42, 47, 43, 50, 40, 43, 48, 31, 38, 44, 50, 33, 36, 32, 41, 35, 34, 43, 27, 36, 36, 41, 26, 43, 42, 33, 35, 45, 43, 59, 42, 48, 34, 62, 29, 44, 41]
2019-04-20 20:12:54,931 [INFO] leaf-node-counts = [39, 44, 51, 43, 47, 38, 45, 43, 48, 45, 38, 48, 43, 34, 32, 61, 53, 37, 40, 35, 50, 37, 40, 37, 38, 48, 50, 43, 45, 34, 39, 42, 33, 42, 52, 50, 48, 41, 46, 41, 40, 27, 38, 44, 40, 45, 45, 29, 40, 30, 38, 27, 40, 29, 37, 38, 29, 39, 45, 36, 50, 48, 41, 42, 47, 43, 50, 40, 43, 48, 31, 38, 44, 50, 33, 36, 32, 41, 35, 34, 43, 27, 36, 36, 41, 26, 43, 42, 33, 35, 45, 43, 59, 42, 48, 34, 62, 29, 44, 41]
2019-04-20 20:12:54,931 [INFO] eval
2019-04-20 20:12:55,035 [INFO] eval-acc=0.980
2019-04-20 20:12:55,037 [INFO] acc-mean=0.956 acc-std=0.028 acc-max=1.000
{"metrics": {"acc_max": 1.0, "acc_mean": 0.9555555555555555, "acc_std": 0.027932900199947833}, "options": {"cutoff": 9, "json_result": true, "max_classes": 50, "max_depth": null, "max_features": null, "max_leaf_nodes_scale": null, "n_estimators": 100, "n_jobs": -1, "name": null, "path_c": null, "path_cpp": null, "path_py": "/home/dexter/Downloads/gcj-py-table3.jsonl", "preset_c": "none", "preset_cpp": "none", "preset_py": "none", "seed": 968861, "show_progress": false, "verbose": false}}
/home/dexter/anaconda2/envs/diora/lib/python3.6/site-packages/sklearn/ensemble/weight_boosting.py:29: DeprecationWarning: numpy.core.umath_tests is an internal NumPy module and should not be imported. It will be removed in a future NumPy release.
  from numpy.core.umath_tests import inner1d
2019-04-20 20:12:58,313 [INFO] start
2019-04-20 20:13:15,501 [INFO] balancing data
2019-04-20 20:13:16,428 [INFO] found 2200 eligible classes
2019-04-20 20:13:16,428 [INFO] downsampled to 100 classes
2019-04-20 20:13:16,430 [INFO] joining strings
2019-04-20 20:13:16,436 [INFO] tfidf data
2019-04-20 20:13:17,083 [INFO] language-counter=Counter({'python': 900})
2019-04-20 20:13:17,083 [INFO] fold 0
2019-04-20 20:13:17,098 [INFO] train
2019-04-20 20:13:17,099 [INFO] n-classes=100
2019-04-20 20:13:17,362 [INFO] depths = [59, 61, 61, 83, 61, 60, 66, 56, 58, 56, 62, 80, 59, 57, 67, 54, 52, 59, 65, 45, 54, 48, 66, 75, 64, 67, 56, 73, 66, 84, 63, 56, 62, 71, 66, 75, 69, 52, 64, 76, 66, 42, 50, 66, 70, 74, 59, 51, 45, 84, 65, 62, 51, 78, 67, 72, 53, 60, 72, 96, 68, 65, 51, 62, 51, 83, 57, 58, 51, 75, 52, 69, 46, 79, 56, 63, 63, 56, 59, 83, 82, 82, 56, 44, 59, 50, 73, 71, 68, 52, 60, 71, 62, 48, 58, 65, 70, 72, 49, 49]
2019-04-20 20:13:17,415 [INFO] leaf-node-counts = [59, 61, 61, 83, 61, 60, 66, 56, 58, 56, 62, 80, 59, 57, 67, 54, 52, 59, 65, 45, 54, 48, 66, 75, 64, 67, 56, 73, 66, 84, 63, 56, 62, 71, 66, 75, 69, 52, 64, 76, 66, 42, 50, 66, 70, 74, 59, 51, 45, 84, 65, 62, 51, 78, 67, 72, 53, 60, 72, 96, 68, 65, 51, 62, 51, 83, 57, 58, 51, 75, 52, 69, 46, 79, 56, 63, 63, 56, 59, 83, 82, 82, 56, 44, 59, 50, 73, 71, 68, 52, 60, 71, 62, 48, 58, 65, 70, 72, 49, 49]
2019-04-20 20:13:17,415 [INFO] eval
2019-04-20 20:13:17,518 [INFO] eval-acc=0.920
2019-04-20 20:13:17,519 [INFO] fold 1
2019-04-20 20:13:17,521 [INFO] train
2019-04-20 20:13:17,522 [INFO] n-classes=100
2019-04-20 20:13:17,798 [INFO] depths = [74, 77, 80, 54, 43, 58, 66, 47, 74, 61, 54, 46, 52, 51, 56, 61, 72, 70, 70, 75, 55, 50, 54, 60, 49, 64, 74, 48, 66, 69, 56, 82, 57, 81, 51, 69, 63, 53, 62, 49, 52, 50, 62, 68, 48, 71, 73, 45, 61, 49, 53, 60, 57, 62, 67, 67, 77, 43, 62, 71, 49, 53, 40, 65, 50, 66, 57, 52, 57, 60, 49, 62, 54, 62, 46, 81, 61, 63, 48, 79, 73, 62, 51, 48, 58, 80, 58, 61, 67, 55, 75, 57, 57, 71, 61, 59, 64, 53, 67, 59]
2019-04-20 20:13:17,854 [INFO] leaf-node-counts = [74, 77, 80, 54, 43, 58, 66, 47, 74, 61, 54, 46, 52, 51, 56, 61, 72, 70, 70, 75, 55, 50, 54, 60, 49, 64, 74, 48, 66, 69, 56, 82, 57, 81, 51, 69, 63, 53, 62, 49, 52, 50, 62, 68, 48, 71, 73, 45, 61, 49, 53, 60, 57, 62, 67, 67, 77, 43, 62, 71, 49, 53, 40, 65, 50, 66, 57, 52, 57, 60, 49, 62, 54, 62, 46, 81, 61, 63, 48, 79, 73, 62, 51, 48, 58, 80, 58, 61, 67, 55, 75, 57, 57, 71, 61, 59, 64, 53, 67, 59]
2019-04-20 20:13:17,854 [INFO] eval
2019-04-20 20:13:17,957 [INFO] eval-acc=0.930
2019-04-20 20:13:17,957 [INFO] fold 2
2019-04-20 20:13:17,959 [INFO] train
2019-04-20 20:13:17,960 [INFO] n-classes=100
2019-04-20 20:13:18,239 [INFO] depths = [66, 56, 62, 74, 59, 59, 64, 52, 77, 76, 59, 70, 56, 61, 55, 70, 68, 57, 68, 49, 54, 45, 69, 44, 61, 56, 55, 61, 63, 55, 67, 62, 62, 72, 56, 63, 53, 53, 59, 52, 53, 55, 55, 65, 75, 76, 59, 66, 84, 53, 68, 50, 57, 62, 49, 63, 63, 52, 76, 87, 79, 60, 55, 54, 71, 70, 69, 61, 51, 64, 76, 77, 54, 69, 46, 58, 61, 70, 73, 55, 59, 69, 54, 51, 74, 77, 78, 51, 46, 71, 64, 50, 83, 67, 61, 63, 85, 60, 53, 72]
2019-04-20 20:13:18,288 [INFO] leaf-node-counts = [66, 56, 62, 74, 59, 59, 64, 52, 77, 76, 59, 70, 56, 61, 55, 70, 68, 57, 68, 49, 54, 45, 69, 44, 61, 56, 55, 61, 63, 55, 67, 62, 62, 72, 56, 63, 53, 53, 59, 52, 53, 55, 55, 65, 75, 76, 59, 66, 84, 53, 68, 50, 57, 62, 49, 63, 63, 52, 76, 87, 79, 60, 55, 54, 71, 70, 69, 61, 51, 64, 76, 77, 54, 69, 46, 58, 61, 70, 73, 55, 59, 69, 54, 51, 74, 77, 78, 51, 46, 71, 64, 50, 83, 67, 61, 63, 85, 60, 53, 72]
2019-04-20 20:13:18,288 [INFO] eval
2019-04-20 20:13:18,391 [INFO] eval-acc=0.940
2019-04-20 20:13:18,391 [INFO] fold 3
2019-04-20 20:13:18,393 [INFO] train
2019-04-20 20:13:18,394 [INFO] n-classes=100
2019-04-20 20:13:18,666 [INFO] depths = [78, 67, 70, 41, 86, 54, 69, 75, 40, 43, 56, 62, 71, 59, 41, 81, 58, 81, 70, 73, 56, 43, 75, 67, 72, 88, 54, 83, 77, 49, 46, 72, 54, 65, 60, 52, 49, 54, 71, 65, 59, 78, 60, 65, 51, 79, 69, 60, 59, 55, 76, 74, 59, 69, 71, 68, 76, 76, 66, 58, 59, 80, 53, 50, 66, 56, 52, 49, 45, 78, 44, 53, 67, 67, 56, 73, 56, 66, 63, 62, 74, 89, 55, 77, 72, 62, 70, 45, 61, 58, 70, 51, 56, 72, 74, 51, 60, 58, 60, 67]
2019-04-20 20:13:18,724 [INFO] leaf-node-counts = [78, 67, 70, 41, 86, 54, 69, 75, 40, 43, 56, 62, 71, 59, 41, 81, 58, 81, 70, 73, 56, 43, 75, 67, 72, 88, 54, 83, 77, 49, 46, 72, 54, 65, 60, 52, 49, 54, 71, 65, 59, 78, 60, 65, 51, 79, 69, 60, 59, 55, 76, 74, 59, 69, 71, 68, 76, 76, 66, 58, 59, 80, 53, 50, 66, 56, 52, 49, 45, 78, 44, 53, 67, 67, 56, 73, 56, 66, 63, 62, 74, 89, 55, 77, 72, 62, 70, 45, 61, 58, 70, 51, 56, 72, 74, 51, 60, 58, 60, 67]
2019-04-20 20:13:18,724 [INFO] eval
2019-04-20 20:13:18,828 [INFO] eval-acc=0.960
2019-04-20 20:13:18,828 [INFO] fold 4
2019-04-20 20:13:18,831 [INFO] train
2019-04-20 20:13:18,831 [INFO] n-classes=100
2019-04-20 20:13:19,109 [INFO] depths = [56, 57, 72, 62, 85, 51, 62, 48, 45, 71, 54, 80, 55, 52, 66, 78, 50, 64, 75, 45, 60, 43, 67, 69, 61, 60, 54, 78, 60, 69, 90, 72, 55, 60, 72, 51, 47, 59, 56, 39, 60, 70, 72, 59, 68, 64, 39, 54, 52, 76, 71, 68, 57, 46, 62, 61, 69, 55, 63, 54, 61, 62, 44, 58, 40, 48, 59, 59, 51, 60, 56, 64, 61, 52, 56, 66, 52, 40, 63, 64, 59, 77, 45, 80, 64, 61, 58, 49, 68, 49, 61, 67, 63, 80, 54, 73, 50, 70, 56, 61]
2019-04-20 20:13:19,164 [INFO] leaf-node-counts = [56, 57, 72, 62, 85, 51, 62, 48, 45, 71, 54, 80, 55, 52, 66, 78, 50, 64, 75, 45, 60, 43, 67, 69, 61, 60, 54, 78, 60, 69, 90, 72, 55, 60, 72, 51, 47, 59, 56, 39, 60, 70, 72, 59, 68, 64, 39, 54, 52, 76, 71, 68, 57, 46, 62, 61, 69, 55, 63, 54, 61, 62, 44, 58, 40, 48, 59, 59, 51, 60, 56, 64, 61, 52, 56, 66, 52, 40, 63, 64, 59, 77, 45, 80, 64, 61, 58, 49, 68, 49, 61, 67, 63, 80, 54, 73, 50, 70, 56, 61]
2019-04-20 20:13:19,164 [INFO] eval
2019-04-20 20:13:19,267 [INFO] eval-acc=0.970
2019-04-20 20:13:19,268 [INFO] fold 5
2019-04-20 20:13:19,270 [INFO] train
2019-04-20 20:13:19,271 [INFO] n-classes=100
2019-04-20 20:13:19,550 [INFO] depths = [60, 68, 84, 53, 54, 74, 64, 43, 54, 61, 46, 55, 57, 71, 63, 50, 55, 52, 75, 48, 47, 61, 61, 77, 50, 50, 56, 70, 66, 55, 66, 90, 60, 59, 68, 61, 56, 59, 61, 51, 66, 74, 49, 53, 60, 90, 68, 71, 48, 48, 60, 68, 54, 75, 76, 52, 87, 74, 42, 82, 46, 75, 57, 52, 60, 70, 46, 57, 73, 54, 63, 59, 66, 66, 50, 85, 53, 72, 60, 61, 61, 78, 68, 47, 62, 51, 65, 68, 68, 84, 50, 81, 58, 57, 48, 79, 56, 63, 53, 64]
2019-04-20 20:13:19,608 [INFO] leaf-node-counts = [60, 68, 84, 53, 54, 74, 64, 43, 54, 61, 46, 55, 57, 71, 63, 50, 55, 52, 75, 48, 47, 61, 61, 77, 50, 50, 56, 70, 66, 55, 66, 90, 60, 59, 68, 61, 56, 59, 61, 51, 66, 74, 49, 53, 60, 90, 68, 71, 48, 48, 60, 68, 54, 75, 76, 52, 87, 74, 42, 82, 46, 75, 57, 52, 60, 70, 46, 57, 73, 54, 63, 59, 66, 66, 50, 85, 53, 72, 60, 61, 61, 78, 68, 47, 62, 51, 65, 68, 68, 84, 50, 81, 58, 57, 48, 79, 56, 63, 53, 64]
2019-04-20 20:13:19,608 [INFO] eval
2019-04-20 20:13:19,712 [INFO] eval-acc=0.960
2019-04-20 20:13:19,712 [INFO] fold 6
2019-04-20 20:13:19,714 [INFO] train
2019-04-20 20:13:19,715 [INFO] n-classes=100
2019-04-20 20:13:19,995 [INFO] depths = [56, 80, 49, 63, 59, 49, 58, 65, 80, 56, 51, 52, 71, 54, 58, 78, 54, 66, 51, 64, 42, 69, 65, 57, 71, 47, 57, 65, 71, 78, 55, 60, 67, 78, 57, 55, 42, 50, 66, 59, 59, 70, 62, 54, 50, 60, 83, 72, 63, 41, 79, 70, 73, 71, 60, 87, 70, 57, 61, 56, 52, 67, 55, 61, 74, 57, 63, 64, 69, 65, 74, 77, 62, 58, 46, 69, 42, 81, 68, 59, 57, 69, 57, 75, 56, 75, 68, 72, 79, 54, 75, 65, 99, 63, 68, 63, 66, 52, 49, 63]
2019-04-20 20:13:20,048 [INFO] leaf-node-counts = [56, 80, 49, 63, 59, 49, 58, 65, 80, 56, 51, 52, 71, 54, 58, 78, 54, 66, 51, 64, 42, 69, 65, 57, 71, 47, 57, 65, 71, 78, 55, 60, 67, 78, 57, 55, 42, 50, 66, 59, 59, 70, 62, 54, 50, 60, 83, 72, 63, 41, 79, 70, 73, 71, 60, 87, 70, 57, 61, 56, 52, 67, 55, 61, 74, 57, 63, 64, 69, 65, 74, 77, 62, 58, 46, 69, 42, 81, 68, 59, 57, 69, 57, 75, 56, 75, 68, 72, 79, 54, 75, 65, 99, 63, 68, 63, 66, 52, 49, 63]
2019-04-20 20:13:20,048 [INFO] eval
2019-04-20 20:13:20,152 [INFO] eval-acc=0.990
2019-04-20 20:13:20,152 [INFO] fold 7
2019-04-20 20:13:20,155 [INFO] train
2019-04-20 20:13:20,155 [INFO] n-classes=100
2019-04-20 20:13:20,434 [INFO] depths = [56, 63, 96, 50, 61, 57, 43, 50, 69, 47, 71, 62, 68, 59, 84, 48, 60, 73, 66, 78, 42, 90, 58, 67, 67, 50, 60, 67, 52, 66, 53, 79, 54, 50, 55, 60, 70, 53, 65, 73, 62, 48, 48, 64, 61, 54, 52, 51, 60, 49, 57, 44, 58, 60, 46, 51, 56, 49, 73, 48, 43, 74, 59, 92, 57, 52, 51, 51, 49, 64, 70, 52, 60, 52, 51, 55, 87, 55, 43, 67, 71, 58, 55, 61, 64, 53, 56, 70, 63, 76, 45, 57, 54, 61, 58, 63, 50, 59, 78, 59]
2019-04-20 20:13:20,488 [INFO] leaf-node-counts = [56, 63, 96, 50, 61, 57, 43, 50, 69, 47, 71, 62, 68, 59, 84, 48, 60, 73, 66, 78, 42, 90, 58, 67, 67, 50, 60, 67, 52, 66, 53, 79, 54, 50, 55, 60, 70, 53, 65, 73, 62, 48, 48, 64, 61, 54, 52, 51, 60, 49, 57, 44, 58, 60, 46, 51, 56, 49, 73, 48, 43, 74, 59, 92, 57, 52, 51, 51, 49, 64, 70, 52, 60, 52, 51, 55, 87, 55, 43, 67, 71, 58, 55, 61, 64, 53, 56, 70, 63, 76, 45, 57, 54, 61, 58, 63, 50, 59, 78, 59]
2019-04-20 20:13:20,488 [INFO] eval
2019-04-20 20:13:20,591 [INFO] eval-acc=0.920
2019-04-20 20:13:20,591 [INFO] fold 8
2019-04-20 20:13:20,594 [INFO] train
2019-04-20 20:13:20,594 [INFO] n-classes=100
2019-04-20 20:13:20,866 [INFO] depths = [45, 61, 62, 51, 71, 49, 48, 65, 57, 52, 47, 43, 64, 46, 63, 57, 85, 55, 53, 58, 64, 70, 76, 43, 56, 71, 82, 58, 82, 74, 53, 54, 73, 53, 52, 55, 71, 39, 66, 68, 66, 62, 64, 77, 59, 61, 67, 51, 63, 53, 65, 53, 75, 59, 46, 67, 49, 75, 61, 74, 43, 55, 52, 56, 78, 51, 58, 63, 62, 51, 61, 45, 58, 60, 69, 62, 52, 70, 77, 71, 59, 49, 75, 48, 68, 65, 58, 78, 69, 67, 49, 68, 54, 64, 55, 67, 66, 84, 50, 53]
2019-04-20 20:13:20,921 [INFO] leaf-node-counts = [45, 61, 62, 51, 71, 49, 48, 65, 57, 52, 47, 43, 64, 46, 63, 57, 85, 55, 53, 58, 64, 70, 76, 43, 56, 71, 82, 58, 82, 74, 53, 54, 73, 53, 52, 55, 71, 39, 66, 68, 66, 62, 64, 77, 59, 61, 67, 51, 63, 53, 65, 53, 75, 59, 46, 67, 49, 75, 61, 74, 43, 55, 52, 56, 78, 51, 58, 63, 62, 51, 61, 45, 58, 60, 69, 62, 52, 70, 77, 71, 59, 49, 75, 48, 68, 65, 58, 78, 69, 67, 49, 68, 54, 64, 55, 67, 66, 84, 50, 53]
2019-04-20 20:13:20,921 [INFO] eval
2019-04-20 20:13:21,024 [INFO] eval-acc=0.930
2019-04-20 20:13:21,031 [INFO] acc-mean=0.947 acc-std=0.023 acc-max=0.990
{"metrics": {"acc_max": 0.99, "acc_mean": 0.9466666666666667, "acc_std": 0.023094010767585008}, "options": {"cutoff": 9, "json_result": true, "max_classes": 100, "max_depth": null, "max_features": null, "max_leaf_nodes_scale": null, "n_estimators": 100, "n_jobs": -1, "name": null, "path_c": null, "path_cpp": null, "path_py": "/home/dexter/Downloads/gcj-py-table3.jsonl", "preset_c": "none", "preset_cpp": "none", "preset_py": "none", "seed": 5893237, "show_progress": false, "verbose": false}}
/home/dexter/anaconda2/envs/diora/lib/python3.6/site-packages/sklearn/ensemble/weight_boosting.py:29: DeprecationWarning: numpy.core.umath_tests is an internal NumPy module and should not be imported. It will be removed in a future NumPy release.
  from numpy.core.umath_tests import inner1d
2019-04-20 20:13:24,296 [INFO] start
2019-04-20 20:13:41,313 [INFO] balancing data
2019-04-20 20:13:42,282 [INFO] found 2200 eligible classes
2019-04-20 20:13:42,282 [INFO] downsampled to 150 classes
2019-04-20 20:13:42,285 [INFO] joining strings
2019-04-20 20:13:42,296 [INFO] tfidf data
2019-04-20 20:13:43,020 [INFO] language-counter=Counter({'python': 1350})
2019-04-20 20:13:43,020 [INFO] fold 0
2019-04-20 20:13:43,044 [INFO] train
2019-04-20 20:13:43,045 [INFO] n-classes=150
2019-04-20 20:13:43,409 [INFO] depths = [64, 66, 69, 69, 63, 69, 79, 71, 69, 88, 56, 102, 100, 75, 109, 97, 81, 104, 103, 89, 81, 72, 83, 72, 88, 93, 72, 62, 81, 69, 74, 81, 71, 64, 84, 64, 74, 69, 66, 63, 81, 66, 79, 87, 78, 93, 90, 77, 86, 83, 81, 56, 75, 94, 77, 80, 107, 60, 81, 58, 60, 72, 90, 83, 83, 58, 90, 66, 73, 110, 57, 81, 84, 88, 76, 86, 97, 74, 112, 74, 62, 71, 71, 81, 81, 69, 89, 68, 69, 78, 75, 70, 66, 108, 109, 84, 87, 69, 93, 92]
2019-04-20 20:13:43,485 [INFO] leaf-node-counts = [64, 66, 69, 69, 63, 69, 79, 71, 69, 88, 56, 102, 100, 75, 109, 97, 81, 104, 103, 89, 81, 72, 83, 72, 88, 93, 72, 62, 81, 69, 74, 81, 71, 64, 84, 64, 74, 69, 66, 63, 81, 66, 79, 87, 78, 93, 90, 77, 86, 83, 81, 56, 75, 94, 77, 80, 107, 60, 81, 58, 60, 72, 90, 83, 83, 58, 90, 66, 73, 110, 57, 81, 84, 88, 76, 86, 97, 74, 112, 74, 62, 71, 71, 81, 81, 69, 89, 68, 69, 78, 75, 70, 66, 108, 109, 84, 87, 69, 93, 92]
2019-04-20 20:13:43,485 [INFO] eval
2019-04-20 20:13:43,588 [INFO] eval-acc=0.960
2019-04-20 20:13:43,588 [INFO] fold 1
2019-04-20 20:13:43,591 [INFO] train
2019-04-20 20:13:43,592 [INFO] n-classes=150
2019-04-20 20:13:43,969 [INFO] depths = [55, 76, 86, 93, 73, 78, 82, 55, 84, 81, 56, 77, 82, 79, 83, 88, 75, 66, 80, 70, 75, 87, 57, 57, 120, 74, 117, 62, 88, 72, 92, 74, 69, 96, 82, 76, 80, 62, 71, 91, 68, 78, 78, 66, 92, 68, 84, 64, 78, 74, 81, 82, 71, 84, 91, 71, 70, 91, 58, 95, 79, 88, 52, 77, 64, 79, 91, 112, 98, 72, 71, 72, 88, 67, 105, 77, 67, 85, 79, 104, 92, 71, 69, 57, 69, 83, 83, 71, 85, 65, 84, 90, 122, 90, 71, 69, 85, 69, 65, 83]
2019-04-20 20:13:44,040 [INFO] leaf-node-counts = [55, 76, 86, 93, 73, 78, 82, 55, 84, 81, 56, 77, 82, 79, 83, 88, 75, 66, 80, 70, 75, 87, 57, 57, 120, 74, 117, 62, 88, 72, 92, 74, 69, 96, 82, 76, 80, 62, 71, 91, 68, 78, 78, 66, 92, 68, 84, 64, 78, 74, 81, 82, 71, 84, 91, 71, 70, 91, 58, 95, 79, 88, 52, 77, 64, 79, 91, 112, 98, 72, 71, 72, 88, 67, 105, 77, 67, 85, 79, 104, 92, 71, 69, 57, 69, 83, 83, 71, 85, 65, 84, 90, 122, 90, 71, 69, 85, 69, 65, 83]
2019-04-20 20:13:44,040 [INFO] eval
2019-04-20 20:13:44,143 [INFO] eval-acc=0.920
2019-04-20 20:13:44,143 [INFO] fold 2
2019-04-20 20:13:44,147 [INFO] train
2019-04-20 20:13:44,147 [INFO] n-classes=150
2019-04-20 20:13:44,524 [INFO] depths = [52, 79, 62, 88, 104, 84, 118, 63, 67, 63, 67, 86, 92, 72, 87, 115, 86, 54, 82, 92, 89, 94, 78, 85, 94, 81, 68, 101, 83, 60, 63, 78, 77, 86, 91, 64, 106, 105, 72, 87, 64, 70, 71, 116, 88, 107, 80, 55, 82, 99, 72, 89, 90, 75, 66, 56, 117, 85, 55, 81, 91, 74, 76, 77, 62, 76, 78, 107, 46, 83, 113, 80, 75, 86, 91, 80, 94, 98, 83, 102, 83, 66, 72, 78, 69, 61, 91, 87, 60, 65, 86, 83, 62, 54, 69, 82, 95, 77, 105, 72]
2019-04-20 20:13:44,601 [INFO] leaf-node-counts = [52, 79, 62, 88, 104, 84, 118, 63, 67, 63, 67, 86, 92, 72, 87, 115, 86, 54, 82, 92, 89, 94, 78, 85, 94, 81, 68, 101, 83, 60, 63, 78, 77, 86, 91, 64, 106, 105, 72, 87, 64, 70, 71, 116, 88, 107, 80, 55, 82, 99, 72, 89, 90, 75, 66, 56, 117, 85, 55, 81, 91, 74, 76, 77, 62, 76, 78, 107, 46, 83, 113, 80, 75, 86, 91, 80, 94, 98, 83, 102, 83, 66, 72, 78, 69, 61, 91, 87, 60, 65, 86, 83, 62, 54, 69, 82, 95, 77, 105, 72]
2019-04-20 20:13:44,601 [INFO] eval
2019-04-20 20:13:44,704 [INFO] eval-acc=0.967
2019-04-20 20:13:44,704 [INFO] fold 3
2019-04-20 20:13:44,707 [INFO] train
2019-04-20 20:13:44,708 [INFO] n-classes=150
2019-04-20 20:13:45,087 [INFO] depths = [69, 96, 92, 87, 107, 106, 90, 67, 76, 61, 104, 69, 104, 63, 74, 80, 82, 57, 84, 75, 72, 80, 57, 69, 82, 85, 67, 80, 92, 81, 67, 83, 66, 91, 93, 66, 78, 70, 71, 67, 96, 86, 94, 79, 61, 86, 59, 66, 74, 54, 86, 83, 62, 97, 85, 67, 91, 106, 55, 79, 86, 91, 97, 63, 68, 89, 81, 66, 85, 59, 77, 84, 77, 91, 77, 80, 94, 91, 62, 77, 94, 101, 90, 85, 87, 81, 79, 76, 76, 60, 82, 98, 86, 81, 92, 79, 75, 97, 71, 76]
2019-04-20 20:13:45,160 [INFO] leaf-node-counts = [69, 96, 92, 87, 107, 106, 90, 67, 76, 61, 104, 69, 104, 63, 74, 80, 82, 57, 84, 75, 72, 80, 57, 69, 82, 85, 67, 80, 92, 81, 67, 83, 66, 91, 93, 66, 78, 70, 71, 67, 96, 86, 94, 79, 61, 86, 59, 66, 74, 54, 86, 83, 62, 97, 85, 67, 91, 106, 55, 79, 86, 91, 97, 63, 68, 89, 81, 66, 85, 59, 77, 84, 77, 91, 77, 80, 94, 91, 62, 77, 94, 101, 90, 85, 87, 81, 79, 76, 76, 60, 82, 98, 86, 81, 92, 79, 75, 97, 71, 76]
2019-04-20 20:13:45,160 [INFO] eval
2019-04-20 20:13:45,263 [INFO] eval-acc=0.980
2019-04-20 20:13:45,263 [INFO] fold 4
2019-04-20 20:13:45,266 [INFO] train
2019-04-20 20:13:45,267 [INFO] n-classes=150
2019-04-20 20:13:45,639 [INFO] depths = [86, 91, 75, 68, 85, 67, 81, 89, 78, 60, 52, 77, 77, 70, 93, 49, 82, 55, 85, 86, 102, 85, 69, 76, 113, 69, 75, 61, 67, 86, 86, 109, 68, 79, 84, 72, 77, 59, 58, 90, 66, 76, 57, 60, 75, 80, 81, 71, 62, 75, 102, 94, 81, 69, 62, 95, 95, 73, 97, 90, 87, 59, 95, 89, 77, 100, 97, 78, 80, 88, 74, 62, 79, 63, 83, 86, 75, 101, 88, 87, 101, 81, 78, 79, 86, 86, 83, 75, 91, 75, 60, 92, 70, 81, 109, 76, 101, 95, 74, 92]
2019-04-20 20:13:45,712 [INFO] leaf-node-counts = [86, 91, 75, 68, 85, 67, 81, 89, 78, 60, 52, 77, 77, 70, 93, 49, 82, 55, 85, 86, 102, 85, 69, 76, 113, 69, 75, 61, 67, 86, 86, 109, 68, 79, 84, 72, 77, 59, 58, 90, 66, 76, 57, 60, 75, 80, 81, 71, 62, 75, 102, 94, 81, 69, 62, 95, 95, 73, 97, 90, 87, 59, 95, 89, 77, 100, 97, 78, 80, 88, 74, 62, 79, 63, 83, 86, 75, 101, 88, 87, 101, 81, 78, 79, 86, 86, 83, 75, 91, 75, 60, 92, 70, 81, 109, 76, 101, 95, 74, 92]
2019-04-20 20:13:45,712 [INFO] eval
2019-04-20 20:13:45,815 [INFO] eval-acc=0.947
2019-04-20 20:13:45,815 [INFO] fold 5
2019-04-20 20:13:45,817 [INFO] train
2019-04-20 20:13:45,818 [INFO] n-classes=150
2019-04-20 20:13:46,195 [INFO] depths = [92, 64, 85, 81, 90, 60, 83, 79, 82, 76, 77, 111, 101, 59, 84, 62, 118, 135, 95, 77, 67, 78, 91, 83, 107, 100, 79, 49, 67, 86, 93, 72, 86, 85, 62, 57, 71, 68, 82, 72, 67, 56, 83, 69, 84, 57, 74, 71, 76, 53, 100, 75, 72, 73, 98, 111, 116, 81, 74, 72, 59, 63, 72, 59, 66, 84, 67, 74, 87, 93, 68, 94, 89, 95, 71, 89, 75, 59, 85, 70, 98, 86, 76, 62, 77, 66, 84, 64, 85, 73, 103, 60, 114, 97, 83, 66, 75, 78, 114, 65]
2019-04-20 20:13:46,268 [INFO] leaf-node-counts = [92, 64, 85, 81, 90, 60, 83, 79, 82, 76, 77, 111, 101, 59, 84, 62, 118, 135, 95, 77, 67, 78, 91, 83, 107, 100, 79, 49, 67, 86, 93, 72, 86, 85, 62, 57, 71, 68, 82, 72, 67, 56, 83, 69, 84, 57, 74, 71, 76, 53, 100, 75, 72, 73, 98, 111, 116, 81, 74, 72, 59, 63, 72, 59, 66, 84, 67, 74, 87, 93, 68, 94, 89, 95, 71, 89, 75, 59, 85, 70, 98, 86, 76, 62, 77, 66, 84, 64, 85, 73, 103, 60, 114, 97, 83, 66, 75, 78, 114, 65]
2019-04-20 20:13:46,268 [INFO] eval
2019-04-20 20:13:46,371 [INFO] eval-acc=0.913
2019-04-20 20:13:46,371 [INFO] fold 6
2019-04-20 20:13:46,373 [INFO] train
2019-04-20 20:13:46,374 [INFO] n-classes=150
2019-04-20 20:13:46,742 [INFO] depths = [49, 85, 55, 57, 64, 89, 86, 89, 76, 92, 73, 75, 104, 86, 53, 79, 67, 65, 84, 107, 77, 58, 71, 80, 88, 78, 83, 85, 105, 106, 96, 74, 74, 88, 79, 77, 78, 72, 64, 84, 52, 91, 77, 86, 82, 51, 99, 66, 99, 73, 89, 69, 73, 72, 91, 73, 105, 104, 65, 66, 62, 96, 97, 89, 71, 75, 93, 80, 71, 65, 91, 113, 72, 83, 66, 85, 72, 62, 88, 63, 65, 78, 67, 81, 73, 87, 73, 56, 57, 59, 96, 53, 63, 77, 82, 68, 71, 87, 60, 105]
2019-04-20 20:13:46,813 [INFO] leaf-node-counts = [49, 85, 55, 57, 64, 89, 86, 89, 76, 92, 73, 75, 104, 86, 53, 79, 67, 65, 84, 107, 77, 58, 71, 80, 88, 78, 83, 85, 105, 106, 96, 74, 74, 88, 79, 77, 78, 72, 64, 84, 52, 91, 77, 86, 82, 51, 99, 66, 99, 73, 89, 69, 73, 72, 91, 73, 105, 104, 65, 66, 62, 96, 97, 89, 71, 75, 93, 80, 71, 65, 91, 113, 72, 83, 66, 85, 72, 62, 88, 63, 65, 78, 67, 81, 73, 87, 73, 56, 57, 59, 96, 53, 63, 77, 82, 68, 71, 87, 60, 105]
2019-04-20 20:13:46,813 [INFO] eval
2019-04-20 20:13:46,916 [INFO] eval-acc=0.920
2019-04-20 20:13:46,917 [INFO] fold 7
2019-04-20 20:13:46,919 [INFO] train
2019-04-20 20:13:46,920 [INFO] n-classes=150
2019-04-20 20:13:47,297 [INFO] depths = [62, 93, 68, 79, 77, 62, 67, 67, 87, 85, 81, 79, 97, 61, 68, 77, 69, 104, 75, 95, 70, 83, 58, 99, 82, 98, 96, 89, 66, 97, 68, 88, 69, 78, 97, 67, 71, 81, 80, 102, 62, 72, 55, 62, 66, 87, 64, 57, 68, 63, 78, 82, 80, 86, 93, 81, 84, 73, 97, 92, 69, 86, 91, 66, 55, 66, 102, 75, 77, 108, 78, 72, 63, 100, 91, 91, 79, 70, 81, 71, 57, 82, 97, 54, 82, 70, 74, 79, 68, 90, 59, 72, 88, 72, 61, 78, 69, 88, 66, 66]
2019-04-20 20:13:47,369 [INFO] leaf-node-counts = [62, 93, 68, 79, 77, 62, 67, 67, 87, 85, 81, 79, 97, 61, 68, 77, 69, 104, 75, 95, 70, 83, 58, 99, 82, 98, 96, 89, 66, 97, 68, 88, 69, 78, 97, 67, 71, 81, 80, 102, 62, 72, 55, 62, 66, 87, 64, 57, 68, 63, 78, 82, 80, 86, 93, 81, 84, 73, 97, 92, 69, 86, 91, 66, 55, 66, 102, 75, 77, 108, 78, 72, 63, 100, 91, 91, 79, 70, 81, 71, 57, 82, 97, 54, 82, 70, 74, 79, 68, 90, 59, 72, 88, 72, 61, 78, 69, 88, 66, 66]
2019-04-20 20:13:47,369 [INFO] eval
2019-04-20 20:13:47,472 [INFO] eval-acc=0.953
2019-04-20 20:13:47,473 [INFO] fold 8
2019-04-20 20:13:47,475 [INFO] train
2019-04-20 20:13:47,475 [INFO] n-classes=150
2019-04-20 20:13:47,854 [INFO] depths = [86, 85, 54, 69, 96, 76, 82, 82, 68, 85, 90, 76, 78, 91, 78, 71, 64, 60, 81, 89, 78, 71, 60, 75, 70, 104, 87, 67, 64, 54, 91, 79, 89, 99, 109, 69, 64, 74, 95, 98, 59, 69, 88, 88, 62, 77, 68, 60, 91, 96, 93, 72, 70, 87, 84, 87, 70, 98, 94, 84, 89, 69, 78, 64, 75, 91, 118, 85, 69, 101, 78, 76, 103, 75, 91, 68, 81, 69, 50, 55, 57, 84, 86, 76, 80, 98, 71, 86, 76, 51, 83, 88, 74, 84, 52, 109, 62, 94, 105, 89]
2019-04-20 20:13:47,927 [INFO] leaf-node-counts = [86, 85, 54, 69, 96, 76, 82, 82, 68, 85, 90, 76, 78, 91, 78, 71, 64, 60, 81, 89, 78, 71, 60, 75, 70, 104, 87, 67, 64, 54, 91, 79, 89, 99, 109, 69, 64, 74, 95, 98, 59, 69, 88, 88, 62, 77, 68, 60, 91, 96, 93, 72, 70, 87, 84, 87, 70, 98, 94, 84, 89, 69, 78, 64, 75, 91, 118, 85, 69, 101, 78, 76, 103, 75, 91, 68, 81, 69, 50, 55, 57, 84, 86, 76, 80, 98, 71, 86, 76, 51, 83, 88, 74, 84, 52, 109, 62, 94, 105, 89]
2019-04-20 20:13:47,927 [INFO] eval
2019-04-20 20:13:48,031 [INFO] eval-acc=0.907
2019-04-20 20:13:48,041 [INFO] acc-mean=0.941 acc-std=0.025 acc-max=0.980
{"metrics": {"acc_max": 0.98, "acc_mean": 0.9407407407407408, "acc_std": 0.024834154984059567}, "options": {"cutoff": 9, "json_result": true, "max_classes": 150, "max_depth": null, "max_features": null, "max_leaf_nodes_scale": null, "n_estimators": 100, "n_jobs": -1, "name": null, "path_c": null, "path_cpp": null, "path_py": "/home/dexter/Downloads/gcj-py-table3.jsonl", "preset_c": "none", "preset_cpp": "none", "preset_py": "none", "seed": 933173, "show_progress": false, "verbose": false}}
/home/dexter/anaconda2/envs/diora/lib/python3.6/site-packages/sklearn/ensemble/weight_boosting.py:29: DeprecationWarning: numpy.core.umath_tests is an internal NumPy module and should not be imported. It will be removed in a future NumPy release.
  from numpy.core.umath_tests import inner1d
2019-04-20 20:13:51,239 [INFO] start
2019-04-20 20:14:08,580 [INFO] balancing data
2019-04-20 20:14:09,528 [INFO] found 2200 eligible classes
2019-04-20 20:14:09,528 [INFO] downsampled to 300 classes
2019-04-20 20:14:09,531 [INFO] joining strings
2019-04-20 20:14:09,547 [INFO] tfidf data
2019-04-20 20:14:10,356 [INFO] language-counter=Counter({'python': 2700})
2019-04-20 20:14:10,356 [INFO] fold 0
2019-04-20 20:14:10,406 [INFO] train
2019-04-20 20:14:10,406 [INFO] n-classes=300
2019-04-20 20:14:11,171 [INFO] depths = [87, 152, 136, 118, 118, 131, 120, 167, 142, 146, 110, 173, 91, 126, 122, 128, 98, 121, 131, 134, 131, 122, 142, 125, 138, 145, 131, 120, 138, 120, 119, 114, 112, 127, 99, 168, 93, 108, 90, 130, 110, 132, 118, 154, 179, 113, 113, 137, 88, 137, 122, 151, 171, 129, 135, 132, 110, 110, 130, 136, 158, 118, 99, 119, 132, 170, 150, 88, 127, 102, 114, 130, 156, 160, 105, 92, 126, 94, 162, 101, 110, 99, 90, 111, 115, 109, 168, 104, 105, 155, 111, 106, 124, 127, 124, 120, 105, 115, 130, 149]
2019-04-20 20:14:11,323 [INFO] leaf-node-counts = [87, 152, 136, 118, 118, 131, 120, 167, 142, 146, 110, 173, 91, 126, 122, 128, 98, 121, 131, 134, 131, 122, 142, 125, 138, 145, 131, 120, 138, 120, 119, 114, 112, 127, 99, 168, 93, 108, 90, 130, 110, 132, 118, 154, 179, 113, 113, 137, 88, 137, 122, 151, 171, 129, 135, 132, 110, 110, 130, 136, 158, 118, 99, 119, 132, 170, 150, 88, 127, 102, 114, 130, 156, 160, 105, 92, 126, 94, 162, 101, 110, 99, 90, 111, 115, 109, 168, 104, 105, 155, 111, 106, 124, 127, 124, 120, 105, 115, 130, 149]
2019-04-20 20:14:11,323 [INFO] eval
2019-04-20 20:14:11,427 [INFO] eval-acc=0.910
2019-04-20 20:14:11,427 [INFO] fold 1
2019-04-20 20:14:11,431 [INFO] train
2019-04-20 20:14:11,432 [INFO] n-classes=300
2019-04-20 20:14:12,218 [INFO] depths = [100, 173, 129, 82, 103, 123, 124, 114, 110, 107, 129, 104, 134, 122, 126, 130, 148, 157, 115, 109, 133, 123, 129, 190, 152, 98, 130, 106, 159, 120, 125, 131, 129, 124, 159, 117, 104, 86, 126, 115, 106, 160, 100, 142, 103, 129, 117, 172, 105, 109, 99, 140, 122, 124, 151, 153, 109, 142, 114, 105, 129, 81, 127, 133, 117, 89, 88, 155, 120, 147, 132, 133, 116, 123, 106, 151, 98, 100, 147, 140, 122, 128, 125, 107, 146, 90, 125, 130, 103, 105, 149, 107, 107, 112, 129, 126, 125, 120, 153, 109]
2019-04-20 20:14:12,365 [INFO] leaf-node-counts = [100, 173, 129, 82, 103, 123, 124, 114, 110, 107, 129, 104, 134, 122, 126, 130, 148, 157, 115, 109, 133, 123, 129, 190, 152, 98, 130, 106, 159, 120, 125, 131, 129, 124, 159, 117, 104, 86, 126, 115, 106, 160, 100, 142, 103, 129, 117, 172, 105, 109, 99, 140, 122, 124, 151, 153, 109, 142, 114, 105, 129, 81, 127, 133, 117, 89, 88, 155, 120, 147, 132, 133, 116, 123, 106, 151, 98, 100, 147, 140, 122, 128, 125, 107, 146, 90, 125, 130, 103, 105, 149, 107, 107, 112, 129, 126, 125, 120, 153, 109]
2019-04-20 20:14:12,365 [INFO] eval
2019-04-20 20:14:12,468 [INFO] eval-acc=0.913
2019-04-20 20:14:12,469 [INFO] fold 2
2019-04-20 20:14:12,473 [INFO] train
2019-04-20 20:14:12,474 [INFO] n-classes=300
2019-04-20 20:14:13,262 [INFO] depths = [113, 126, 121, 88, 125, 104, 127, 141, 163, 131, 116, 93, 151, 122, 151, 146, 127, 91, 130, 127, 104, 137, 110, 119, 110, 142, 111, 148, 129, 157, 79, 143, 121, 131, 120, 123, 114, 128, 77, 132, 108, 108, 119, 110, 108, 148, 146, 125, 100, 124, 124, 103, 128, 130, 124, 122, 97, 130, 154, 105, 141, 121, 97, 102, 150, 131, 122, 138, 162, 126, 114, 144, 106, 163, 132, 135, 103, 142, 80, 142, 136, 103, 93, 128, 147, 137, 128, 128, 101, 182, 97, 157, 115, 177, 137, 128, 103, 118, 140, 143]
2019-04-20 20:14:13,409 [INFO] leaf-node-counts = [113, 126, 121, 88, 125, 104, 127, 141, 163, 131, 116, 93, 151, 122, 151, 146, 127, 91, 130, 127, 104, 137, 110, 119, 110, 142, 111, 148, 129, 157, 79, 143, 121, 131, 120, 123, 114, 128, 77, 132, 108, 108, 119, 110, 108, 148, 146, 125, 100, 124, 124, 103, 128, 130, 124, 122, 97, 130, 154, 105, 141, 121, 97, 102, 150, 131, 122, 138, 162, 126, 114, 144, 106, 163, 132, 135, 103, 142, 80, 142, 136, 103, 93, 128, 147, 137, 128, 128, 101, 182, 97, 157, 115, 177, 137, 128, 103, 118, 140, 143]
2019-04-20 20:14:13,409 [INFO] eval
2019-04-20 20:14:13,513 [INFO] eval-acc=0.900
2019-04-20 20:14:13,513 [INFO] fold 3
2019-04-20 20:14:13,517 [INFO] train
2019-04-20 20:14:13,518 [INFO] n-classes=300
2019-04-20 20:14:14,304 [INFO] depths = [121, 151, 141, 93, 164, 115, 127, 124, 137, 131, 121, 95, 101, 113, 125, 123, 136, 87, 111, 144, 126, 158, 162, 164, 120, 116, 134, 127, 130, 107, 127, 107, 127, 138, 93, 119, 121, 117, 126, 150, 127, 81, 101, 147, 143, 132, 124, 115, 108, 112, 122, 122, 141, 116, 131, 91, 132, 125, 152, 147, 150, 136, 93, 114, 133, 152, 123, 161, 135, 169, 116, 157, 154, 134, 130, 119, 105, 162, 150, 109, 109, 116, 115, 123, 153, 100, 149, 125, 111, 163, 108, 118, 127, 104, 110, 114, 138, 108, 107, 98]
2019-04-20 20:14:14,450 [INFO] leaf-node-counts = [121, 151, 141, 93, 164, 115, 127, 124, 137, 131, 121, 95, 101, 113, 125, 123, 136, 87, 111, 144, 126, 158, 162, 164, 120, 116, 134, 127, 130, 107, 127, 107, 127, 138, 93, 119, 121, 117, 126, 150, 127, 81, 101, 147, 143, 132, 124, 115, 108, 112, 122, 122, 141, 116, 131, 91, 132, 125, 152, 147, 150, 136, 93, 114, 133, 152, 123, 161, 135, 169, 116, 157, 154, 134, 130, 119, 105, 162, 150, 109, 109, 116, 115, 123, 153, 100, 149, 125, 111, 163, 108, 118, 127, 104, 110, 114, 138, 108, 107, 98]
2019-04-20 20:14:14,450 [INFO] eval
2019-04-20 20:14:14,554 [INFO] eval-acc=0.897
2019-04-20 20:14:14,554 [INFO] fold 4
2019-04-20 20:14:14,558 [INFO] train
2019-04-20 20:14:14,559 [INFO] n-classes=300
2019-04-20 20:14:15,348 [INFO] depths = [160, 132, 112, 126, 117, 123, 107, 119, 110, 115, 156, 129, 117, 96, 167, 108, 108, 93, 136, 150, 122, 109, 163, 200, 106, 159, 120, 131, 151, 158, 95, 135, 137, 96, 139, 143, 99, 147, 153, 132, 111, 111, 120, 104, 146, 109, 130, 106, 111, 184, 144, 131, 138, 123, 136, 108, 108, 133, 126, 140, 138, 132, 118, 120, 148, 116, 130, 141, 133, 142, 106, 121, 129, 135, 158, 137, 138, 137, 147, 138, 123, 109, 124, 96, 139, 137, 120, 125, 91, 149, 125, 148, 157, 120, 132, 122, 94, 105, 137, 121]
2019-04-20 20:14:15,495 [INFO] leaf-node-counts = [160, 132, 112, 126, 117, 123, 107, 119, 110, 115, 156, 129, 117, 96, 167, 108, 108, 93, 136, 150, 122, 109, 163, 200, 106, 159, 120, 131, 151, 158, 95, 135, 137, 96, 139, 143, 99, 147, 153, 132, 111, 111, 120, 104, 146, 109, 130, 106, 111, 184, 144, 131, 138, 123, 136, 108, 108, 133, 126, 140, 138, 132, 118, 120, 148, 116, 130, 141, 133, 142, 106, 121, 129, 135, 158, 137, 138, 137, 147, 138, 123, 109, 124, 96, 139, 137, 120, 125, 91, 149, 125, 148, 157, 120, 132, 122, 94, 105, 137, 121]
2019-04-20 20:14:15,495 [INFO] eval
2019-04-20 20:14:15,599 [INFO] eval-acc=0.913
2019-04-20 20:14:15,599 [INFO] fold 5
2019-04-20 20:14:15,602 [INFO] train
2019-04-20 20:14:15,603 [INFO] n-classes=300
2019-04-20 20:14:16,392 [INFO] depths = [128, 152, 135, 103, 125, 115, 110, 135, 83, 123, 99, 93, 110, 140, 154, 164, 106, 141, 108, 125, 114, 142, 112, 128, 135, 141, 127, 131, 160, 112, 143, 104, 100, 100, 92, 147, 103, 150, 117, 100, 111, 106, 178, 134, 152, 159, 145, 91, 136, 125, 130, 120, 152, 93, 125, 146, 149, 135, 84, 112, 142, 143, 84, 105, 139, 106, 121, 131, 154, 146, 137, 133, 168, 100, 126, 155, 159, 126, 193, 122, 149, 107, 111, 140, 132, 125, 120, 118, 132, 122, 157, 124, 107, 119, 104, 104, 163, 127, 132, 132]
2019-04-20 20:14:16,539 [INFO] leaf-node-counts = [128, 152, 135, 103, 125, 115, 110, 135, 83, 123, 99, 93, 110, 140, 154, 164, 106, 141, 108, 125, 114, 142, 112, 128, 135, 141, 127, 131, 160, 112, 143, 104, 100, 100, 92, 147, 103, 150, 117, 100, 111, 106, 178, 134, 152, 159, 145, 91, 136, 125, 130, 120, 152, 93, 125, 146, 149, 135, 84, 112, 142, 143, 84, 105, 139, 106, 121, 131, 154, 146, 137, 133, 168, 100, 126, 155, 159, 126, 193, 122, 149, 107, 111, 140, 132, 125, 120, 118, 132, 122, 157, 124, 107, 119, 104, 104, 163, 127, 132, 132]
2019-04-20 20:14:16,539 [INFO] eval
2019-04-20 20:14:16,643 [INFO] eval-acc=0.937
2019-04-20 20:14:16,643 [INFO] fold 6
2019-04-20 20:14:16,647 [INFO] train
2019-04-20 20:14:16,648 [INFO] n-classes=300
2019-04-20 20:14:17,438 [INFO] depths = [151, 110, 157, 155, 113, 105, 88, 159, 153, 138, 147, 128, 145, 118, 138, 152, 125, 119, 109, 124, 128, 122, 111, 127, 109, 105, 130, 116, 150, 131, 124, 153, 103, 89, 132, 86, 102, 101, 127, 132, 142, 101, 125, 126, 134, 98, 157, 87, 108, 129, 101, 102, 159, 82, 107, 121, 101, 120, 144, 122, 143, 159, 99, 113, 116, 121, 94, 92, 121, 110, 124, 153, 148, 126, 94, 105, 126, 93, 118, 136, 159, 92, 112, 107, 116, 99, 92, 130, 112, 124, 90, 139, 115, 138, 107, 132, 113, 140, 120, 134]
2019-04-20 20:14:17,590 [INFO] leaf-node-counts = [151, 110, 157, 155, 113, 105, 88, 159, 153, 138, 147, 128, 145, 118, 138, 152, 125, 119, 109, 124, 128, 122, 111, 127, 109, 105, 130, 116, 150, 131, 124, 153, 103, 89, 132, 86, 102, 101, 127, 132, 142, 101, 125, 126, 134, 98, 157, 87, 108, 129, 101, 102, 159, 82, 107, 121, 101, 120, 144, 122, 143, 159, 99, 113, 116, 121, 94, 92, 121, 110, 124, 153, 148, 126, 94, 105, 126, 93, 118, 136, 159, 92, 112, 107, 116, 99, 92, 130, 112, 124, 90, 139, 115, 138, 107, 132, 113, 140, 120, 134]
2019-04-20 20:14:17,590 [INFO] eval
2019-04-20 20:14:17,694 [INFO] eval-acc=0.943
2019-04-20 20:14:17,694 [INFO] fold 7
2019-04-20 20:14:17,699 [INFO] train
2019-04-20 20:14:17,700 [INFO] n-classes=300
2019-04-20 20:14:18,493 [INFO] depths = [133, 118, 140, 131, 116, 106, 96, 174, 127, 96, 120, 149, 89, 171, 148, 120, 111, 89, 150, 104, 121, 118, 117, 92, 145, 106, 78, 120, 121, 105, 98, 137, 107, 132, 92, 133, 165, 135, 111, 129, 107, 142, 112, 149, 141, 115, 127, 100, 123, 133, 107, 134, 141, 119, 129, 130, 124, 133, 118, 148, 89, 133, 128, 158, 116, 137, 129, 134, 147, 130, 143, 132, 121, 86, 99, 127, 124, 118, 107, 112, 153, 118, 170, 144, 117, 98, 83, 151, 109, 89, 169, 133, 98, 130, 128, 127, 129, 96, 136, 105]
2019-04-20 20:14:18,640 [INFO] leaf-node-counts = [133, 118, 140, 131, 116, 106, 96, 174, 127, 96, 120, 149, 89, 171, 148, 120, 111, 89, 150, 104, 121, 118, 117, 92, 145, 106, 78, 120, 121, 105, 98, 137, 107, 132, 92, 133, 165, 135, 111, 129, 107, 142, 112, 149, 141, 115, 127, 100, 123, 133, 107, 134, 141, 119, 129, 130, 124, 133, 118, 148, 89, 133, 128, 158, 116, 137, 129, 134, 147, 130, 143, 132, 121, 86, 99, 127, 124, 118, 107, 112, 153, 118, 170, 144, 117, 98, 83, 151, 109, 89, 169, 133, 98, 130, 128, 127, 129, 96, 136, 105]
2019-04-20 20:14:18,640 [INFO] eval
2019-04-20 20:14:18,744 [INFO] eval-acc=0.927
2019-04-20 20:14:18,744 [INFO] fold 8
2019-04-20 20:14:18,748 [INFO] train
2019-04-20 20:14:18,749 [INFO] n-classes=300
2019-04-20 20:14:19,536 [INFO] depths = [100, 173, 118, 106, 99, 95, 138, 133, 126, 111, 108, 128, 137, 132, 162, 114, 126, 103, 119, 130, 96, 129, 113, 86, 130, 123, 157, 102, 89, 108, 110, 138, 104, 104, 89, 125, 112, 167, 90, 148, 128, 91, 130, 122, 140, 125, 150, 105, 129, 112, 107, 92, 113, 133, 122, 152, 99, 136, 116, 90, 134, 91, 135, 121, 116, 161, 114, 151, 128, 141, 104, 135, 137, 133, 93, 134, 157, 142, 134, 137, 103, 164, 157, 126, 122, 134, 133, 135, 94, 140, 118, 148, 146, 126, 158, 109, 138, 103, 124, 117]
2019-04-20 20:14:19,684 [INFO] leaf-node-counts = [100, 173, 118, 106, 99, 95, 138, 133, 126, 111, 108, 128, 137, 132, 162, 114, 126, 103, 119, 130, 96, 129, 113, 86, 130, 123, 157, 102, 89, 108, 110, 138, 104, 104, 89, 125, 112, 167, 90, 148, 128, 91, 130, 122, 140, 125, 150, 105, 129, 112, 107, 92, 113, 133, 122, 152, 99, 136, 116, 90, 134, 91, 135, 121, 116, 161, 114, 151, 128, 141, 104, 135, 137, 133, 93, 134, 157, 142, 134, 137, 103, 164, 157, 126, 122, 134, 133, 135, 94, 140, 118, 148, 146, 126, 158, 109, 138, 103, 124, 117]
2019-04-20 20:14:19,684 [INFO] eval
2019-04-20 20:14:19,788 [INFO] eval-acc=0.960
2019-04-20 20:14:19,810 [INFO] acc-mean=0.922 acc-std=0.020 acc-max=0.960
{"metrics": {"acc_max": 0.96, "acc_mean": 0.9222222222222223, "acc_std": 0.019876159799998128}, "options": {"cutoff": 9, "json_result": true, "max_classes": 300, "max_depth": null, "max_features": null, "max_leaf_nodes_scale": null, "n_estimators": 100, "n_jobs": -1, "name": null, "path_c": null, "path_cpp": null, "path_py": "/home/dexter/Downloads/gcj-py-table3.jsonl", "preset_c": "none", "preset_cpp": "none", "preset_py": "none", "seed": 5962770, "show_progress": false, "verbose": false}}
/home/dexter/anaconda2/envs/diora/lib/python3.6/site-packages/sklearn/ensemble/weight_boosting.py:29: DeprecationWarning: numpy.core.umath_tests is an internal NumPy module and should not be imported. It will be removed in a future NumPy release.
  from numpy.core.umath_tests import inner1d
2019-04-20 20:14:22,928 [INFO] start
2019-04-20 20:14:39,912 [INFO] balancing data
2019-04-20 20:14:40,840 [INFO] found 2200 eligible classes
2019-04-20 20:14:40,840 [INFO] downsampled to 500 classes
2019-04-20 20:14:40,844 [INFO] joining strings
2019-04-20 20:14:40,870 [INFO] tfidf data
2019-04-20 20:14:41,861 [INFO] language-counter=Counter({'python': 4500})
2019-04-20 20:14:41,861 [INFO] fold 0
2019-04-20 20:14:41,954 [INFO] train
2019-04-20 20:14:41,955 [INFO] n-classes=500
2019-04-20 20:14:43,923 [INFO] depths = [172, 247, 161, 200, 203, 197, 210, 168, 243, 185, 169, 186, 170, 229, 138, 181, 173, 183, 118, 167, 133, 200, 153, 219, 194, 163, 188, 124, 189, 160, 152, 202, 233, 149, 203, 240, 227, 164, 192, 155, 137, 177, 92, 195, 190, 178, 151, 181, 190, 221, 175, 206, 231, 163, 153, 143, 209, 145, 179, 211, 163, 203, 135, 187, 168, 119, 178, 167, 156, 135, 159, 201, 215, 233, 202, 118, 180, 167, 198, 259, 165, 201, 135, 161, 197, 186, 169, 140, 171, 174, 157, 184, 188, 144, 160, 149, 152, 176, 150, 237]
2019-04-20 20:14:44,176 [INFO] leaf-node-counts = [172, 247, 161, 200, 203, 197, 210, 168, 243, 185, 169, 186, 170, 229, 138, 181, 173, 183, 118, 167, 133, 200, 153, 219, 194, 163, 188, 124, 189, 160, 152, 202, 233, 149, 203, 240, 227, 164, 192, 155, 137, 177, 92, 195, 190, 178, 151, 181, 190, 221, 175, 206, 231, 163, 153, 143, 209, 145, 179, 211, 163, 203, 135, 187, 168, 119, 178, 167, 156, 135, 159, 201, 215, 233, 202, 118, 180, 167, 198, 259, 165, 201, 135, 161, 197, 186, 169, 140, 171, 174, 157, 184, 188, 144, 160, 149, 152, 176, 150, 237]
2019-04-20 20:14:44,176 [INFO] eval
2019-04-20 20:14:44,281 [INFO] eval-acc=0.914
2019-04-20 20:14:44,281 [INFO] fold 1
2019-04-20 20:14:44,287 [INFO] train
2019-04-20 20:14:44,289 [INFO] n-classes=500
2019-04-20 20:14:46,302 [INFO] depths = [172, 217, 142, 195, 138, 170, 169, 137, 140, 183, 132, 170, 194, 186, 217, 182, 182, 177, 176, 198, 177, 168, 162, 216, 226, 149, 185, 183, 170, 140, 240, 141, 163, 207, 176, 160, 172, 176, 137, 175, 157, 167, 174, 156, 157, 144, 165, 179, 188, 170, 133, 134, 121, 167, 167, 186, 174, 178, 138, 172, 197, 191, 217, 183, 155, 212, 184, 192, 115, 135, 163, 154, 188, 178, 163, 131, 226, 186, 210, 196, 119, 147, 180, 158, 126, 169, 196, 204, 173, 166, 180, 150, 137, 141, 219, 184, 147, 131, 141, 170]
2019-04-20 20:14:46,546 [INFO] leaf-node-counts = [172, 217, 142, 195, 138, 170, 169, 137, 140, 183, 132, 170, 194, 186, 217, 182, 182, 177, 176, 198, 177, 168, 162, 216, 226, 149, 185, 183, 170, 140, 240, 141, 163, 207, 176, 160, 172, 176, 137, 175, 157, 167, 174, 156, 157, 144, 165, 179, 188, 170, 133, 134, 121, 167, 167, 186, 174, 178, 138, 172, 197, 191, 217, 183, 155, 212, 184, 192, 115, 135, 163, 154, 188, 178, 163, 131, 226, 186, 210, 196, 119, 147, 180, 158, 126, 169, 196, 204, 173, 166, 180, 150, 137, 141, 219, 184, 147, 131, 141, 170]
2019-04-20 20:14:46,546 [INFO] eval
2019-04-20 20:14:46,651 [INFO] eval-acc=0.918
2019-04-20 20:14:46,651 [INFO] fold 2
2019-04-20 20:14:46,657 [INFO] train
2019-04-20 20:14:46,658 [INFO] n-classes=500
2019-04-20 20:14:48,675 [INFO] depths = [210, 156, 184, 182, 188, 151, 175, 137, 167, 162, 117, 134, 217, 246, 208, 205, 191, 176, 193, 139, 192, 193, 130, 219, 150, 169, 209, 192, 153, 180, 153, 231, 144, 131, 158, 150, 181, 164, 211, 174, 212, 141, 132, 169, 182, 184, 190, 163, 188, 169, 140, 135, 182, 166, 185, 129, 232, 168, 128, 161, 197, 135, 156, 153, 190, 131, 233, 230, 180, 151, 223, 205, 240, 212, 205, 131, 192, 125, 175, 171, 195, 199, 216, 201, 190, 160, 186, 179, 136, 208, 203, 139, 176, 132, 166, 160, 208, 146, 137, 209]
2019-04-20 20:14:48,921 [INFO] leaf-node-counts = [210, 156, 184, 182, 188, 151, 175, 137, 167, 162, 117, 134, 217, 246, 208, 205, 191, 176, 193, 139, 192, 193, 130, 219, 150, 169, 209, 192, 153, 180, 153, 231, 144, 131, 158, 150, 181, 164, 211, 174, 212, 141, 132, 169, 182, 184, 190, 163, 188, 169, 140, 135, 182, 166, 185, 129, 232, 168, 128, 161, 197, 135, 156, 153, 190, 131, 233, 230, 180, 151, 223, 205, 240, 212, 205, 131, 192, 125, 175, 171, 195, 199, 216, 201, 190, 160, 186, 179, 136, 208, 203, 139, 176, 132, 166, 160, 208, 146, 137, 209]
2019-04-20 20:14:48,921 [INFO] eval
2019-04-20 20:14:49,026 [INFO] eval-acc=0.924
2019-04-20 20:14:49,026 [INFO] fold 3
2019-04-20 20:14:49,030 [INFO] train
2019-04-20 20:14:49,031 [INFO] n-classes=500
2019-04-20 20:14:51,046 [INFO] depths = [181, 185, 163, 163, 163, 148, 247, 229, 168, 156, 240, 109, 183, 188, 175, 190, 155, 173, 130, 191, 178, 149, 139, 262, 183, 187, 143, 167, 212, 238, 212, 177, 181, 150, 125, 153, 227, 177, 187, 170, 222, 173, 190, 137, 140, 185, 164, 188, 125, 163, 169, 189, 156, 144, 152, 179, 133, 155, 182, 210, 214, 193, 238, 188, 153, 187, 191, 172, 130, 183, 143, 152, 213, 138, 167, 150, 183, 137, 223, 149, 145, 188, 197, 173, 169, 162, 217, 157, 227, 236, 223, 214, 156, 177, 190, 173, 167, 161, 145, 121]
2019-04-20 20:14:51,291 [INFO] leaf-node-counts = [181, 185, 163, 163, 163, 148, 247, 229, 168, 156, 240, 109, 183, 188, 175, 190, 155, 173, 130, 191, 178, 149, 139, 262, 183, 187, 143, 167, 212, 238, 212, 177, 181, 150, 125, 153, 227, 177, 187, 170, 222, 173, 190, 137, 140, 185, 164, 188, 125, 163, 169, 189, 156, 144, 152, 179, 133, 155, 182, 210, 214, 193, 238, 188, 153, 187, 191, 172, 130, 183, 143, 152, 213, 138, 167, 150, 183, 137, 223, 149, 145, 188, 197, 173, 169, 162, 217, 157, 227, 236, 223, 214, 156, 177, 190, 173, 167, 161, 145, 121]
2019-04-20 20:14:51,291 [INFO] eval
2019-04-20 20:14:51,396 [INFO] eval-acc=0.890
2019-04-20 20:14:51,397 [INFO] fold 4
2019-04-20 20:14:51,400 [INFO] train
2019-04-20 20:14:51,400 [INFO] n-classes=500
2019-04-20 20:14:53,408 [INFO] depths = [204, 181, 154, 187, 192, 206, 211, 140, 187, 177, 156, 183, 194, 162, 163, 174, 147, 137, 189, 158, 125, 192, 195, 166, 189, 169, 167, 136, 177, 184, 152, 187, 286, 214, 183, 178, 234, 167, 117, 197, 169, 170, 196, 229, 180, 205, 132, 182, 123, 184, 149, 172, 164, 166, 190, 182, 205, 158, 189, 130, 174, 167, 172, 158, 182, 165, 213, 156, 154, 175, 190, 190, 189, 203, 162, 151, 182, 172, 202, 197, 164, 185, 158, 160, 170, 219, 218, 171, 180, 203, 183, 224, 171, 208, 185, 184, 201, 222, 189, 174]
2019-04-20 20:14:53,654 [INFO] leaf-node-counts = [204, 181, 154, 187, 192, 206, 211, 140, 187, 177, 156, 183, 194, 162, 163, 174, 147, 137, 189, 158, 125, 192, 195, 166, 189, 169, 167, 136, 177, 184, 152, 187, 286, 214, 183, 178, 234, 167, 117, 197, 169, 170, 196, 229, 180, 205, 132, 182, 123, 184, 149, 172, 164, 166, 190, 182, 205, 158, 189, 130, 174, 167, 172, 158, 182, 165, 213, 156, 154, 175, 190, 190, 189, 203, 162, 151, 182, 172, 202, 197, 164, 185, 158, 160, 170, 219, 218, 171, 180, 203, 183, 224, 171, 208, 185, 184, 201, 222, 189, 174]
2019-04-20 20:14:53,654 [INFO] eval
2019-04-20 20:14:53,759 [INFO] eval-acc=0.908
2019-04-20 20:14:53,759 [INFO] fold 5
2019-04-20 20:14:53,764 [INFO] train
2019-04-20 20:14:53,765 [INFO] n-classes=500
2019-04-20 20:14:55,775 [INFO] depths = [133, 211, 147, 225, 174, 151, 154, 217, 231, 202, 164, 118, 212, 234, 190, 206, 127, 153, 224, 233, 182, 134, 164, 179, 164, 111, 170, 162, 155, 227, 117, 162, 112, 152, 177, 226, 230, 177, 191, 155, 138, 159, 183, 144, 149, 170, 141, 129, 161, 166, 166, 109, 220, 162, 154, 167, 167, 194, 149, 137, 186, 187, 192, 166, 205, 185, 200, 219, 170, 166, 208, 167, 203, 194, 152, 175, 231, 171, 173, 207, 159, 205, 200, 183, 194, 132, 208, 223, 177, 203, 189, 208, 183, 236, 124, 134, 164, 118, 159, 181]
2019-04-20 20:14:56,020 [INFO] leaf-node-counts = [133, 211, 147, 225, 174, 151, 154, 217, 231, 202, 164, 118, 212, 234, 190, 206, 127, 153, 224, 233, 182, 134, 164, 179, 164, 111, 170, 162, 155, 227, 117, 162, 112, 152, 177, 226, 230, 177, 191, 155, 138, 159, 183, 144, 149, 170, 141, 129, 161, 166, 166, 109, 220, 162, 154, 167, 167, 194, 149, 137, 186, 187, 192, 166, 205, 185, 200, 219, 170, 166, 208, 167, 203, 194, 152, 175, 231, 171, 173, 207, 159, 205, 200, 183, 194, 132, 208, 223, 177, 203, 189, 208, 183, 236, 124, 134, 164, 118, 159, 181]
2019-04-20 20:14:56,020 [INFO] eval
2019-04-20 20:14:56,126 [INFO] eval-acc=0.898
2019-04-20 20:14:56,126 [INFO] fold 6
2019-04-20 20:14:56,132 [INFO] train
2019-04-20 20:14:56,134 [INFO] n-classes=500
2019-04-20 20:14:58,150 [INFO] depths = [171, 134, 187, 157, 158, 218, 196, 184, 194, 171, 170, 176, 146, 157, 119, 215, 156, 196, 205, 200, 171, 171, 186, 162, 161, 165, 175, 125, 196, 150, 155, 181, 141, 182, 168, 147, 151, 172, 180, 172, 178, 154, 133, 142, 181, 156, 169, 202, 185, 187, 148, 174, 143, 171, 131, 214, 153, 177, 158, 202, 161, 183, 188, 166, 158, 165, 215, 256, 169, 205, 182, 197, 187, 153, 176, 168, 157, 261, 173, 161, 139, 144, 173, 163, 196, 182, 179, 162, 140, 183, 237, 168, 152, 210, 218, 145, 205, 125, 163, 122]
2019-04-20 20:14:58,395 [INFO] leaf-node-counts = [171, 134, 187, 157, 158, 218, 196, 184, 194, 171, 170, 176, 146, 157, 119, 215, 156, 196, 205, 200, 171, 171, 186, 162, 161, 165, 175, 125, 196, 150, 155, 181, 141, 182, 168, 147, 151, 172, 180, 172, 178, 154, 133, 142, 181, 156, 169, 202, 185, 187, 148, 174, 143, 171, 131, 214, 153, 177, 158, 202, 161, 183, 188, 166, 158, 165, 215, 256, 169, 205, 182, 197, 187, 153, 176, 168, 157, 261, 173, 161, 139, 144, 173, 163, 196, 182, 179, 162, 140, 183, 237, 168, 152, 210, 218, 145, 205, 125, 163, 122]
2019-04-20 20:14:58,395 [INFO] eval
2019-04-20 20:14:58,500 [INFO] eval-acc=0.904
2019-04-20 20:14:58,500 [INFO] fold 7
2019-04-20 20:14:58,504 [INFO] train
2019-04-20 20:14:58,506 [INFO] n-classes=500
2019-04-20 20:15:00,621 [INFO] depths = [169, 162, 191, 154, 149, 148, 155, 151, 240, 155, 183, 233, 205, 196, 151, 153, 145, 210, 164, 188, 152, 195, 198, 155, 182, 140, 166, 187, 230, 174, 160, 202, 171, 125, 192, 267, 162, 205, 262, 216, 158, 214, 148, 264, 154, 158, 164, 167, 163, 203, 222, 136, 183, 154, 224, 256, 203, 210, 159, 217, 161, 171, 210, 204, 200, 157, 204, 174, 135, 140, 188, 120, 195, 168, 186, 171, 164, 169, 144, 220, 129, 176, 216, 202, 196, 214, 148, 204, 188, 204, 186, 160, 209, 186, 201, 184, 174, 174, 161, 196]
2019-04-20 20:15:00,865 [INFO] leaf-node-counts = [169, 162, 191, 154, 149, 148, 155, 151, 240, 155, 183, 233, 205, 196, 151, 153, 145, 210, 164, 188, 152, 195, 198, 155, 182, 140, 166, 187, 230, 174, 160, 202, 171, 125, 192, 267, 162, 205, 262, 216, 158, 214, 148, 264, 154, 158, 164, 167, 163, 203, 222, 136, 183, 154, 224, 256, 203, 210, 159, 217, 161, 171, 210, 204, 200, 157, 204, 174, 135, 140, 188, 120, 195, 168, 186, 171, 164, 169, 144, 220, 129, 176, 216, 202, 196, 214, 148, 204, 188, 204, 186, 160, 209, 186, 201, 184, 174, 174, 161, 196]
2019-04-20 20:15:00,865 [INFO] eval
2019-04-20 20:15:00,970 [INFO] eval-acc=0.890
2019-04-20 20:15:00,970 [INFO] fold 8
2019-04-20 20:15:00,974 [INFO] train
2019-04-20 20:15:00,976 [INFO] n-classes=500
2019-04-20 20:15:02,993 [INFO] depths = [203, 187, 180, 164, 191, 170, 168, 176, 198, 206, 198, 187, 132, 169, 148, 153, 149, 134, 203, 164, 177, 175, 153, 185, 123, 173, 176, 163, 174, 136, 126, 139, 198, 174, 131, 140, 185, 184, 253, 207, 209, 157, 161, 207, 183, 175, 196, 176, 210, 172, 190, 311, 182, 160, 198, 213, 220, 201, 187, 214, 253, 181, 154, 203, 179, 189, 216, 187, 141, 190, 189, 213, 205, 153, 155, 166, 174, 207, 125, 198, 194, 144, 176, 215, 151, 140, 176, 174, 199, 210, 185, 187, 139, 173, 128, 132, 142, 109, 237, 134]
2019-04-20 20:15:03,239 [INFO] leaf-node-counts = [203, 187, 180, 164, 191, 170, 168, 176, 198, 206, 198, 187, 132, 169, 148, 153, 149, 134, 203, 164, 177, 175, 153, 185, 123, 173, 176, 163, 174, 136, 126, 139, 198, 174, 131, 140, 185, 184, 253, 207, 209, 157, 161, 207, 183, 175, 196, 176, 210, 172, 190, 311, 182, 160, 198, 213, 220, 201, 187, 214, 253, 181, 154, 203, 179, 189, 216, 187, 141, 190, 189, 213, 205, 153, 155, 166, 174, 207, 125, 198, 194, 144, 176, 215, 151, 140, 176, 174, 199, 210, 185, 187, 139, 173, 128, 132, 142, 109, 237, 134]
2019-04-20 20:15:03,239 [INFO] eval
2019-04-20 20:15:03,344 [INFO] eval-acc=0.930
2019-04-20 20:15:03,390 [INFO] acc-mean=0.908 acc-std=0.013 acc-max=0.930
{"metrics": {"acc_max": 0.93, "acc_mean": 0.9084444444444445, "acc_std": 0.01349165265480938}, "options": {"cutoff": 9, "json_result": true, "max_classes": 500, "max_depth": null, "max_features": null, "max_leaf_nodes_scale": null, "n_estimators": 100, "n_jobs": -1, "name": null, "path_c": null, "path_cpp": null, "path_py": "/home/dexter/Downloads/gcj-py-table3.jsonl", "preset_c": "none", "preset_cpp": "none", "preset_py": "none", "seed": 9379678, "show_progress": false, "verbose": false}}
/home/dexter/anaconda2/envs/diora/lib/python3.6/site-packages/sklearn/ensemble/weight_boosting.py:29: DeprecationWarning: numpy.core.umath_tests is an internal NumPy module and should not be imported. It will be removed in a future NumPy release.
  from numpy.core.umath_tests import inner1d
2019-04-20 20:15:06,595 [INFO] start
2019-04-20 20:15:23,687 [INFO] balancing data
2019-04-20 20:15:24,612 [INFO] found 2200 eligible classes
2019-04-20 20:15:24,612 [INFO] downsampled to 1000 classes
2019-04-20 20:15:24,618 [INFO] joining strings
2019-04-20 20:15:24,671 [INFO] tfidf data
2019-04-20 20:15:26,109 [INFO] language-counter=Counter({'python': 9000})
2019-04-20 20:15:26,109 [INFO] fold 0
2019-04-20 20:15:26,328 [INFO] train
2019-04-20 20:15:26,329 [INFO] n-classes=1000
2019-04-20 20:15:34,113 [INFO] depths = [253, 261, 281, 191, 295, 334, 222, 251, 267, 298, 273, 259, 232, 253, 347, 258, 309, 264, 242, 267, 239, 273, 324, 219, 227, 252, 321, 285, 276, 290, 219, 281, 318, 270, 369, 283, 263, 232, 211, 374, 324, 212, 337, 258, 354, 337, 286, 289, 240, 285, 264, 203, 301, 319, 295, 278, 370, 312, 266, 335, 220, 289, 262, 175, 266, 382, 290, 222, 296, 244, 258, 299, 296, 251, 234, 306, 297, 250, 225, 237, 296, 232, 230, 260, 291, 231, 308, 243, 376, 331, 267, 310, 217, 325, 223, 240, 329, 211, 286, 234]
2019-04-20 20:15:34,624 [INFO] leaf-node-counts = [253, 261, 281, 191, 295, 334, 222, 251, 267, 298, 273, 259, 232, 253, 347, 258, 309, 264, 242, 267, 239, 273, 324, 219, 227, 252, 321, 285, 276, 290, 219, 281, 318, 270, 369, 283, 263, 232, 211, 374, 324, 212, 337, 258, 354, 337, 286, 289, 240, 285, 264, 203, 301, 319, 295, 278, 370, 312, 266, 335, 220, 289, 262, 175, 266, 382, 290, 222, 296, 244, 258, 299, 296, 251, 234, 306, 297, 250, 225, 237, 296, 232, 230, 260, 291, 231, 308, 243, 376, 331, 267, 310, 217, 325, 223, 240, 329, 211, 286, 234]
2019-04-20 20:15:34,624 [INFO] eval
2019-04-20 20:15:34,933 [INFO] eval-acc=0.901
2019-04-20 20:15:34,933 [INFO] fold 1
2019-04-20 20:15:34,941 [INFO] train
2019-04-20 20:15:34,943 [INFO] n-classes=1000
2019-04-20 20:15:45,447 [INFO] depths = [360, 237, 286, 236, 273, 230, 263, 250, 296, 388, 204, 297, 282, 291, 229, 235, 285, 317, 267, 339, 266, 261, 231, 298, 216, 271, 260, 256, 273, 339, 216, 229, 274, 309, 190, 214, 286, 294, 311, 309, 258, 318, 257, 272, 334, 225, 260, 226, 302, 288, 319, 317, 266, 323, 282, 244, 300, 312, 297, 330, 242, 290, 228, 247, 200, 274, 253, 200, 359, 271, 274, 270, 207, 278, 276, 299, 284, 242, 220, 203, 327, 291, 326, 280, 261, 284, 284, 269, 248, 267, 278, 209, 322, 272, 309, 298, 361, 288, 217, 365]
2019-04-20 20:15:45,959 [INFO] leaf-node-counts = [360, 237, 286, 236, 273, 230, 263, 250, 296, 388, 204, 297, 282, 291, 229, 235, 285, 317, 267, 339, 266, 261, 231, 298, 216, 271, 260, 256, 273, 339, 216, 229, 274, 309, 190, 214, 286, 294, 311, 309, 258, 318, 257, 272, 334, 225, 260, 226, 302, 288, 319, 317, 266, 323, 282, 244, 300, 312, 297, 330, 242, 290, 228, 247, 200, 274, 253, 200, 359, 271, 274, 270, 207, 278, 276, 299, 284, 242, 220, 203, 327, 291, 326, 280, 261, 284, 284, 269, 248, 267, 278, 209, 322, 272, 309, 298, 361, 288, 217, 365]
2019-04-20 20:15:45,959 [INFO] eval
2019-04-20 20:15:46,283 [INFO] eval-acc=0.906
2019-04-20 20:15:46,283 [INFO] fold 2
2019-04-20 20:15:46,292 [INFO] train
2019-04-20 20:15:46,293 [INFO] n-classes=1000
2019-04-20 20:15:54,244 [INFO] depths = [279, 353, 265, 326, 293, 294, 220, 224, 323, 249, 225, 216, 313, 268, 283, 282, 267, 233, 261, 227, 181, 304, 267, 292, 371, 173, 306, 341, 309, 351, 354, 290, 342, 280, 224, 240, 251, 242, 229, 316, 320, 292, 244, 203, 291, 269, 292, 252, 268, 301, 263, 310, 247, 266, 326, 271, 344, 294, 287, 304, 239, 266, 269, 290, 244, 297, 312, 330, 295, 341, 261, 291, 267, 303, 294, 247, 214, 227, 264, 291, 313, 294, 279, 354, 319, 196, 244, 301, 283, 288, 271, 256, 293, 286, 201, 299, 219, 238, 318, 256]
2019-04-20 20:15:54,743 [INFO] leaf-node-counts = [279, 353, 265, 326, 293, 294, 220, 224, 323, 249, 225, 216, 313, 268, 283, 282, 267, 233, 261, 227, 181, 304, 267, 292, 371, 173, 306, 341, 309, 351, 354, 290, 342, 280, 224, 240, 251, 242, 229, 316, 320, 292, 244, 203, 291, 269, 292, 252, 268, 301, 263, 310, 247, 266, 326, 271, 344, 294, 287, 304, 239, 266, 269, 290, 244, 297, 312, 330, 295, 341, 261, 291, 267, 303, 294, 247, 214, 227, 264, 291, 313, 294, 279, 354, 319, 196, 244, 301, 283, 288, 271, 256, 293, 286, 201, 299, 219, 238, 318, 256]
2019-04-20 20:15:54,743 [INFO] eval
2019-04-20 20:15:55,053 [INFO] eval-acc=0.901
2019-04-20 20:15:55,053 [INFO] fold 3
2019-04-20 20:15:55,063 [INFO] train
2019-04-20 20:15:55,065 [INFO] n-classes=1000
2019-04-20 20:16:03,004 [INFO] depths = [276, 299, 246, 249, 298, 224, 275, 259, 250, 216, 288, 310, 230, 276, 237, 235, 306, 245, 276, 289, 274, 247, 269, 184, 263, 259, 311, 285, 272, 308, 306, 247, 308, 285, 213, 330, 331, 274, 249, 299, 287, 260, 306, 308, 349, 259, 222, 243, 261, 288, 223, 274, 233, 206, 279, 261, 269, 263, 272, 227, 241, 332, 256, 222, 363, 286, 270, 253, 249, 331, 297, 244, 289, 282, 358, 263, 318, 312, 239, 256, 259, 314, 361, 287, 324, 310, 350, 285, 262, 187, 276, 287, 300, 186, 251, 233, 226, 234, 319, 217]
2019-04-20 20:16:03,505 [INFO] leaf-node-counts = [276, 299, 246, 249, 298, 224, 275, 259, 250, 216, 288, 310, 230, 276, 237, 235, 306, 245, 276, 289, 274, 247, 269, 184, 263, 259, 311, 285, 272, 308, 306, 247, 308, 285, 213, 330, 331, 274, 249, 299, 287, 260, 306, 308, 349, 259, 222, 243, 261, 288, 223, 274, 233, 206, 279, 261, 269, 263, 272, 227, 241, 332, 256, 222, 363, 286, 270, 253, 249, 331, 297, 244, 289, 282, 358, 263, 318, 312, 239, 256, 259, 314, 361, 287, 324, 310, 350, 285, 262, 187, 276, 287, 300, 186, 251, 233, 226, 234, 319, 217]
2019-04-20 20:16:03,506 [INFO] eval
2019-04-20 20:16:03,817 [INFO] eval-acc=0.886
2019-04-20 20:16:03,817 [INFO] fold 4
2019-04-20 20:16:03,829 [INFO] train
2019-04-20 20:16:03,830 [INFO] n-classes=1000
2019-04-20 20:16:11,563 [INFO] depths = [254, 275, 265, 300, 290, 273, 335, 323, 250, 318, 280, 215, 324, 224, 292, 278, 343, 268, 283, 197, 296, 288, 211, 243, 214, 221, 199, 269, 238, 261, 286, 320, 366, 359, 190, 273, 304, 289, 336, 250, 244, 318, 270, 275, 365, 289, 256, 233, 235, 293, 278, 299, 241, 268, 286, 265, 340, 230, 343, 275, 234, 203, 320, 191, 298, 200, 228, 273, 260, 301, 351, 250, 274, 214, 254, 297, 237, 249, 312, 275, 239, 264, 273, 228, 260, 331, 245, 292, 241, 232, 318, 185, 245, 307, 283, 262, 271, 303, 246, 186]
2019-04-20 20:16:12,066 [INFO] leaf-node-counts = [254, 275, 265, 300, 290, 273, 335, 323, 250, 318, 280, 215, 324, 224, 292, 278, 343, 268, 283, 197, 296, 288, 211, 243, 214, 221, 199, 269, 238, 261, 286, 320, 366, 359, 190, 273, 304, 289, 336, 250, 244, 318, 270, 275, 365, 289, 256, 233, 235, 293, 278, 299, 241, 268, 286, 265, 340, 230, 343, 275, 234, 203, 320, 191, 298, 200, 228, 273, 260, 301, 351, 250, 274, 214, 254, 297, 237, 249, 312, 275, 239, 264, 273, 228, 260, 331, 245, 292, 241, 232, 318, 185, 245, 307, 283, 262, 271, 303, 246, 186]
2019-04-20 20:16:12,066 [INFO] eval
2019-04-20 20:16:12,377 [INFO] eval-acc=0.907
2019-04-20 20:16:12,377 [INFO] fold 5
2019-04-20 20:16:12,387 [INFO] train
2019-04-20 20:16:12,389 [INFO] n-classes=1000
2019-04-20 20:16:20,627 [INFO] depths = [252, 251, 331, 250, 294, 273, 211, 230, 342, 226, 271, 261, 379, 238, 359, 314, 221, 279, 268, 280, 294, 225, 247, 255, 317, 296, 215, 268, 259, 245, 291, 371, 404, 278, 284, 204, 313, 204, 250, 292, 287, 267, 299, 240, 295, 312, 281, 293, 290, 311, 224, 213, 246, 420, 322, 262, 268, 249, 247, 302, 247, 312, 249, 248, 301, 254, 292, 261, 251, 394, 306, 284, 259, 285, 283, 278, 331, 200, 263, 277, 323, 265, 343, 246, 367, 266, 291, 271, 354, 312, 296, 349, 376, 292, 277, 284, 268, 238, 302, 296]
2019-04-20 20:16:21,134 [INFO] leaf-node-counts = [252, 251, 331, 250, 294, 273, 211, 230, 342, 226, 271, 261, 379, 238, 359, 314, 221, 279, 268, 280, 294, 225, 247, 255, 317, 296, 215, 268, 259, 245, 291, 371, 404, 278, 284, 204, 313, 204, 250, 292, 287, 267, 299, 240, 295, 312, 281, 293, 290, 311, 224, 213, 246, 420, 322, 262, 268, 249, 247, 302, 247, 312, 249, 248, 301, 254, 292, 261, 251, 394, 306, 284, 259, 285, 283, 278, 331, 200, 263, 277, 323, 265, 343, 246, 367, 266, 291, 271, 354, 312, 296, 349, 376, 292, 277, 284, 268, 238, 302, 296]
2019-04-20 20:16:21,134 [INFO] eval
2019-04-20 20:16:21,442 [INFO] eval-acc=0.905
2019-04-20 20:16:21,442 [INFO] fold 6
2019-04-20 20:16:21,451 [INFO] train
2019-04-20 20:16:21,453 [INFO] n-classes=1000
2019-04-20 20:16:29,396 [INFO] depths = [231, 298, 257, 250, 271, 278, 388, 204, 265, 229, 232, 333, 315, 287, 235, 278, 248, 271, 288, 313, 298, 234, 260, 244, 280, 259, 199, 276, 242, 307, 230, 312, 329, 288, 197, 245, 272, 201, 296, 254, 340, 215, 271, 310, 255, 306, 311, 257, 255, 287, 263, 261, 246, 273, 272, 269, 257, 247, 194, 255, 287, 241, 340, 230, 304, 314, 280, 226, 284, 301, 244, 243, 275, 281, 250, 315, 271, 288, 234, 306, 276, 249, 305, 309, 338, 259, 230, 292, 217, 312, 236, 276, 291, 224, 289, 256, 359, 293, 291, 304]
2019-04-20 20:16:29,898 [INFO] leaf-node-counts = [231, 298, 257, 250, 271, 278, 388, 204, 265, 229, 232, 333, 315, 287, 235, 278, 248, 271, 288, 313, 298, 234, 260, 244, 280, 259, 199, 276, 242, 307, 230, 312, 329, 288, 197, 245, 272, 201, 296, 254, 340, 215, 271, 310, 255, 306, 311, 257, 255, 287, 263, 261, 246, 273, 272, 269, 257, 247, 194, 255, 287, 241, 340, 230, 304, 314, 280, 226, 284, 301, 244, 243, 275, 281, 250, 315, 271, 288, 234, 306, 276, 249, 305, 309, 338, 259, 230, 292, 217, 312, 236, 276, 291, 224, 289, 256, 359, 293, 291, 304]
2019-04-20 20:16:29,898 [INFO] eval
2019-04-20 20:16:30,208 [INFO] eval-acc=0.908
2019-04-20 20:16:30,209 [INFO] fold 7
2019-04-20 20:16:30,218 [INFO] train
2019-04-20 20:16:30,219 [INFO] n-classes=1000
2019-04-20 20:16:38,056 [INFO] depths = [249, 202, 316, 275, 254, 311, 255, 317, 263, 261, 282, 241, 252, 283, 208, 214, 294, 416, 243, 275, 288, 306, 233, 307, 276, 264, 215, 254, 229, 281, 267, 286, 364, 239, 278, 209, 306, 201, 286, 298, 323, 274, 308, 332, 317, 319, 245, 219, 254, 270, 323, 229, 169, 330, 175, 268, 299, 209, 318, 235, 289, 303, 357, 286, 242, 267, 234, 241, 210, 279, 299, 219, 297, 274, 269, 302, 267, 325, 251, 210, 226, 253, 220, 301, 243, 264, 213, 290, 317, 253, 230, 286, 338, 259, 257, 195, 286, 229, 222, 231]
2019-04-20 20:16:38,560 [INFO] leaf-node-counts = [249, 202, 316, 275, 254, 311, 255, 317, 263, 261, 282, 241, 252, 283, 208, 214, 294, 416, 243, 275, 288, 306, 233, 307, 276, 264, 215, 254, 229, 281, 267, 286, 364, 239, 278, 209, 306, 201, 286, 298, 323, 274, 308, 332, 317, 319, 245, 219, 254, 270, 323, 229, 169, 330, 175, 268, 299, 209, 318, 235, 289, 303, 357, 286, 242, 267, 234, 241, 210, 279, 299, 219, 297, 274, 269, 302, 267, 325, 251, 210, 226, 253, 220, 301, 243, 264, 213, 290, 317, 253, 230, 286, 338, 259, 257, 195, 286, 229, 222, 231]
2019-04-20 20:16:38,560 [INFO] eval
2019-04-20 20:16:38,868 [INFO] eval-acc=0.888
2019-04-20 20:16:38,868 [INFO] fold 8
2019-04-20 20:16:38,875 [INFO] train
2019-04-20 20:16:38,877 [INFO] n-classes=1000
2019-04-20 20:16:47,010 [INFO] depths = [253, 282, 219, 283, 343, 242, 303, 293, 319, 274, 327, 311, 333, 285, 272, 265, 241, 233, 304, 330, 251, 323, 263, 291, 275, 214, 378, 265, 244, 330, 320, 359, 284, 286, 260, 272, 264, 254, 231, 226, 293, 367, 270, 281, 241, 230, 281, 286, 248, 348, 318, 291, 237, 327, 284, 254, 287, 288, 230, 240, 250, 315, 341, 314, 343, 257, 218, 285, 234, 265, 270, 271, 278, 295, 213, 311, 229, 250, 240, 302, 299, 236, 277, 167, 344, 234, 267, 304, 251, 301, 366, 262, 235, 261, 296, 209, 310, 234, 280, 313]
2019-04-20 20:16:47,517 [INFO] leaf-node-counts = [253, 282, 219, 283, 343, 242, 303, 293, 319, 274, 327, 311, 333, 285, 272, 265, 241, 233, 304, 330, 251, 323, 263, 291, 275, 214, 378, 265, 244, 330, 320, 359, 284, 286, 260, 272, 264, 254, 231, 226, 293, 367, 270, 281, 241, 230, 281, 286, 248, 348, 318, 291, 237, 327, 284, 254, 287, 288, 230, 240, 250, 315, 341, 314, 343, 257, 218, 285, 234, 265, 270, 271, 278, 295, 213, 311, 229, 250, 240, 302, 299, 236, 277, 167, 344, 234, 267, 304, 251, 301, 366, 262, 235, 261, 296, 209, 310, 234, 280, 313]
2019-04-20 20:16:47,517 [INFO] eval
2019-04-20 20:16:47,826 [INFO] eval-acc=0.911
2019-04-20 20:16:47,970 [INFO] acc-mean=0.901 acc-std=0.008 acc-max=0.911
{"metrics": {"acc_max": 0.911, "acc_mean": 0.9014444444444444, "acc_std": 0.008288024977320682}, "options": {"cutoff": 9, "json_result": true, "max_classes": 1000, "max_depth": null, "max_features": null, "max_leaf_nodes_scale": null, "n_estimators": 100, "n_jobs": -1, "name": null, "path_c": null, "path_cpp": null, "path_py": "/home/dexter/Downloads/gcj-py-table3.jsonl", "preset_c": "none", "preset_cpp": "none", "preset_py": "none", "seed": 9434539, "show_progress": false, "verbose": false}}
/home/dexter/anaconda2/envs/diora/lib/python3.6/site-packages/sklearn/ensemble/weight_boosting.py:29: DeprecationWarning: numpy.core.umath_tests is an internal NumPy module and should not be imported. It will be removed in a future NumPy release.
  from numpy.core.umath_tests import inner1d
2019-04-20 20:16:51,551 [INFO] start
2019-04-20 20:17:09,189 [INFO] balancing data
2019-04-20 20:17:10,122 [INFO] found 2200 eligible classes
2019-04-20 20:17:10,122 [INFO] downsampled to 1500 classes
2019-04-20 20:17:10,130 [INFO] joining strings
2019-04-20 20:17:10,209 [INFO] tfidf data
2019-04-20 20:17:12,106 [INFO] language-counter=Counter({'python': 13500})
2019-04-20 20:17:12,107 [INFO] fold 0
2019-04-20 20:17:12,493 [INFO] train
2019-04-20 20:17:12,494 [INFO] n-classes=1500
2019-04-20 20:17:34,646 [INFO] depths = [298, 403, 411, 342, 361, 366, 436, 306, 319, 362, 354, 342, 347, 420, 317, 471, 373, 319, 304, 437, 434, 446, 373, 443, 311, 269, 343, 312, 442, 404, 407, 472, 446, 350, 314, 371, 434, 436, 296, 365, 446, 437, 413, 277, 388, 428, 475, 401, 402, 340, 341, 350, 301, 326, 351, 433, 426, 384, 453, 456, 362, 337, 290, 356, 425, 327, 429, 390, 402, 323, 302, 337, 351, 480, 385, 317, 278, 452, 403, 334, 413, 341, 337, 364, 471, 312, 391, 385, 412, 289, 397, 407, 249, 306, 369, 371, 370, 317, 339, 368]
2019-04-20 20:17:35,568 [INFO] leaf-node-counts = [298, 403, 411, 342, 361, 366, 436, 306, 319, 362, 354, 342, 347, 420, 317, 471, 373, 319, 304, 437, 434, 446, 373, 443, 311, 269, 343, 312, 442, 404, 407, 472, 446, 350, 314, 371, 434, 436, 296, 365, 446, 437, 413, 277, 388, 428, 475, 401, 402, 340, 341, 350, 301, 326, 351, 433, 426, 384, 453, 456, 362, 337, 290, 356, 425, 327, 429, 390, 402, 323, 302, 337, 351, 480, 385, 317, 278, 452, 403, 334, 413, 341, 337, 364, 471, 312, 391, 385, 412, 289, 397, 407, 249, 306, 369, 371, 370, 317, 339, 368]
2019-04-20 20:17:35,568 [INFO] eval
2019-04-20 20:17:36,296 [INFO] eval-acc=0.887
2019-04-20 20:17:36,296 [INFO] fold 1
2019-04-20 20:17:36,306 [INFO] train
2019-04-20 20:17:36,308 [INFO] n-classes=1500
2019-04-20 20:18:22,636 [INFO] depths = [526, 341, 322, 263, 314, 283, 444, 293, 365, 357, 336, 350, 351, 301, 332, 416, 317, 402, 285, 367, 446, 423, 381, 347, 299, 356, 395, 372, 418, 302, 315, 249, 392, 320, 308, 297, 340, 314, 296, 351, 388, 381, 307, 314, 365, 412, 329, 361, 411, 376, 437, 418, 307, 280, 335, 313, 371, 406, 386, 371, 405, 333, 383, 304, 314, 418, 316, 467, 244, 309, 295, 369, 334, 414, 458, 346, 340, 411, 407, 359, 410, 349, 392, 464, 398, 267, 391, 365, 323, 394, 399, 368, 316, 389, 351, 341, 378, 378, 334, 378]
2019-04-20 20:18:23,429 [INFO] leaf-node-counts = [526, 341, 322, 263, 314, 283, 444, 293, 365, 357, 336, 350, 351, 301, 332, 416, 317, 402, 285, 367, 446, 423, 381, 347, 299, 356, 395, 372, 418, 302, 315, 249, 392, 320, 308, 297, 340, 314, 296, 351, 388, 381, 307, 314, 365, 412, 329, 361, 411, 376, 437, 418, 307, 280, 335, 313, 371, 406, 386, 371, 405, 333, 383, 304, 314, 418, 316, 467, 244, 309, 295, 369, 334, 414, 458, 346, 340, 411, 407, 359, 410, 349, 392, 464, 398, 267, 391, 365, 323, 394, 399, 368, 316, 389, 351, 341, 378, 378, 334, 378]
2019-04-20 20:18:23,429 [INFO] eval
2019-04-20 20:18:24,192 [INFO] eval-acc=0.886
2019-04-20 20:18:24,193 [INFO] fold 2
2019-04-20 20:18:24,208 [INFO] train
2019-04-20 20:18:24,212 [INFO] n-classes=1500
2019-04-20 20:18:44,445 [INFO] depths = [462, 353, 307, 398, 345, 349, 285, 344, 389, 362, 287, 333, 360, 344, 308, 380, 278, 398, 391, 425, 285, 342, 414, 287, 391, 266, 384, 373, 341, 350, 337, 406, 305, 298, 296, 359, 274, 409, 375, 349, 469, 329, 429, 344, 288, 367, 427, 346, 280, 481, 326, 392, 373, 335, 328, 405, 315, 348, 352, 398, 376, 406, 519, 467, 373, 370, 390, 402, 432, 434, 292, 391, 449, 273, 298, 406, 353, 365, 397, 379, 309, 328, 268, 536, 397, 306, 287, 408, 347, 295, 343, 278, 423, 349, 448, 350, 282, 323, 429, 399]
2019-04-20 20:18:45,204 [INFO] leaf-node-counts = [462, 353, 307, 398, 345, 349, 285, 344, 389, 362, 287, 333, 360, 344, 308, 380, 278, 398, 391, 425, 285, 342, 414, 287, 391, 266, 384, 373, 341, 350, 337, 406, 305, 298, 296, 359, 274, 409, 375, 349, 469, 329, 429, 344, 288, 367, 427, 346, 280, 481, 326, 392, 373, 335, 328, 405, 315, 348, 352, 398, 376, 406, 519, 467, 373, 370, 390, 402, 432, 434, 292, 391, 449, 273, 298, 406, 353, 365, 397, 379, 309, 328, 268, 536, 397, 306, 287, 408, 347, 295, 343, 278, 423, 349, 448, 350, 282, 323, 429, 399]
2019-04-20 20:18:45,204 [INFO] eval
2019-04-20 20:18:45,923 [INFO] eval-acc=0.886
2019-04-20 20:18:45,924 [INFO] fold 3
2019-04-20 20:18:45,936 [INFO] train
2019-04-20 20:18:45,938 [INFO] n-classes=1500
2019-04-20 20:19:05,581 [INFO] depths = [406, 351, 400, 377, 342, 400, 382, 423, 339, 394, 293, 365, 331, 427, 381, 269, 346, 330, 461, 362, 262, 305, 375, 322, 463, 297, 538, 281, 413, 334, 326, 390, 261, 330, 324, 297, 472, 379, 252, 395, 412, 261, 337, 387, 245, 384, 312, 328, 328, 314, 387, 340, 274, 434, 309, 441, 402, 342, 320, 352, 435, 349, 347, 405, 407, 350, 307, 395, 333, 388, 318, 350, 359, 314, 324, 240, 359, 365, 360, 381, 294, 345, 345, 366, 321, 318, 335, 416, 440, 380, 259, 476, 430, 361, 449, 342, 409, 359, 337, 466]
2019-04-20 20:19:06,349 [INFO] leaf-node-counts = [406, 351, 400, 377, 342, 400, 382, 423, 339, 394, 293, 365, 331, 427, 381, 269, 346, 330, 461, 362, 262, 305, 375, 322, 463, 297, 538, 281, 413, 334, 326, 390, 261, 330, 324, 297, 472, 379, 252, 395, 412, 261, 337, 387, 245, 384, 312, 328, 328, 314, 387, 340, 274, 434, 309, 441, 402, 342, 320, 352, 435, 349, 347, 405, 407, 350, 307, 395, 333, 388, 318, 350, 359, 314, 324, 240, 359, 365, 360, 381, 294, 345, 345, 366, 321, 318, 335, 416, 440, 380, 259, 476, 430, 361, 449, 342, 409, 359, 337, 466]
2019-04-20 20:19:06,349 [INFO] eval
2019-04-20 20:19:07,069 [INFO] eval-acc=0.891
2019-04-20 20:19:07,069 [INFO] fold 4
2019-04-20 20:19:07,079 [INFO] train
2019-04-20 20:19:07,081 [INFO] n-classes=1500
2019-04-20 20:19:27,026 [INFO] depths = [311, 330, 354, 361, 452, 427, 359, 359, 239, 373, 369, 431, 298, 430, 422, 353, 335, 436, 346, 533, 380, 448, 381, 481, 378, 472, 441, 425, 390, 349, 337, 302, 343, 421, 343, 331, 303, 363, 311, 324, 321, 335, 316, 374, 368, 472, 374, 384, 286, 374, 367, 375, 376, 316, 389, 403, 380, 420, 311, 399, 397, 248, 300, 370, 364, 505, 531, 353, 337, 380, 397, 385, 324, 354, 403, 346, 349, 395, 398, 451, 479, 347, 435, 272, 317, 329, 422, 340, 321, 358, 416, 402, 358, 405, 381, 287, 370, 394, 281, 345]
2019-04-20 20:19:27,787 [INFO] leaf-node-counts = [311, 330, 354, 361, 452, 427, 359, 359, 239, 373, 369, 431, 298, 430, 422, 353, 335, 436, 346, 533, 380, 448, 381, 481, 378, 472, 441, 425, 390, 349, 337, 302, 343, 421, 343, 331, 303, 363, 311, 324, 321, 335, 316, 374, 368, 472, 374, 384, 286, 374, 367, 375, 376, 316, 389, 403, 380, 420, 311, 399, 397, 248, 300, 370, 364, 505, 531, 353, 337, 380, 397, 385, 324, 354, 403, 346, 349, 395, 398, 451, 479, 347, 435, 272, 317, 329, 422, 340, 321, 358, 416, 402, 358, 405, 381, 287, 370, 394, 281, 345]
2019-04-20 20:19:27,787 [INFO] eval
2019-04-20 20:19:28,506 [INFO] eval-acc=0.883
2019-04-20 20:19:28,506 [INFO] fold 5
2019-04-20 20:19:28,518 [INFO] train
2019-04-20 20:19:28,520 [INFO] n-classes=1500
2019-04-20 20:19:48,262 [INFO] depths = [335, 399, 399, 312, 421, 364, 405, 395, 338, 423, 356, 386, 396, 312, 397, 425, 264, 366, 400, 367, 390, 479, 310, 345, 293, 362, 330, 419, 378, 347, 277, 418, 408, 307, 305, 387, 339, 314, 300, 389, 397, 407, 349, 357, 306, 380, 335, 392, 301, 401, 330, 226, 317, 380, 441, 298, 323, 266, 413, 427, 346, 417, 328, 439, 373, 443, 306, 420, 382, 361, 316, 373, 329, 362, 409, 323, 290, 359, 360, 398, 410, 391, 304, 361, 371, 376, 423, 336, 357, 322, 385, 325, 359, 389, 429, 299, 317, 314, 407, 310]
2019-04-20 20:19:49,024 [INFO] leaf-node-counts = [335, 399, 399, 312, 421, 364, 405, 395, 338, 423, 356, 386, 396, 312, 397, 425, 264, 366, 400, 367, 390, 479, 310, 345, 293, 362, 330, 419, 378, 347, 277, 418, 408, 307, 305, 387, 339, 314, 300, 389, 397, 407, 349, 357, 306, 380, 335, 392, 301, 401, 330, 226, 317, 380, 441, 298, 323, 266, 413, 427, 346, 417, 328, 439, 373, 443, 306, 420, 382, 361, 316, 373, 329, 362, 409, 323, 290, 359, 360, 398, 410, 391, 304, 361, 371, 376, 423, 336, 357, 322, 385, 325, 359, 389, 429, 299, 317, 314, 407, 310]
2019-04-20 20:19:49,024 [INFO] eval
2019-04-20 20:19:49,741 [INFO] eval-acc=0.889
2019-04-20 20:19:49,741 [INFO] fold 6
2019-04-20 20:19:49,752 [INFO] train
2019-04-20 20:19:49,754 [INFO] n-classes=1500
2019-04-20 20:20:10,106 [INFO] depths = [317, 481, 329, 373, 445, 447, 368, 263, 338, 319, 386, 381, 428, 340, 428, 297, 403, 369, 355, 389, 346, 428, 386, 360, 302, 424, 281, 425, 317, 374, 387, 324, 361, 379, 342, 313, 397, 383, 340, 475, 320, 310, 362, 334, 327, 361, 358, 365, 326, 369, 379, 409, 299, 344, 404, 305, 321, 450, 396, 343, 408, 329, 337, 400, 329, 289, 460, 331, 368, 359, 420, 348, 434, 419, 316, 372, 426, 392, 350, 372, 374, 292, 481, 327, 344, 377, 298, 388, 296, 433, 326, 500, 427, 378, 337, 370, 393, 436, 345, 454]
2019-04-20 20:20:10,869 [INFO] leaf-node-counts = [317, 481, 329, 373, 445, 447, 368, 263, 338, 319, 386, 381, 428, 340, 428, 297, 403, 369, 355, 389, 346, 428, 386, 360, 302, 424, 281, 425, 317, 374, 387, 324, 361, 379, 342, 313, 397, 383, 340, 475, 320, 310, 362, 334, 327, 361, 358, 365, 326, 369, 379, 409, 299, 344, 404, 305, 321, 450, 396, 343, 408, 329, 337, 400, 329, 289, 460, 331, 368, 359, 420, 348, 434, 419, 316, 372, 426, 392, 350, 372, 374, 292, 481, 327, 344, 377, 298, 388, 296, 433, 326, 500, 427, 378, 337, 370, 393, 436, 345, 454]
2019-04-20 20:20:10,869 [INFO] eval
2019-04-20 20:20:11,591 [INFO] eval-acc=0.887
2019-04-20 20:20:11,592 [INFO] fold 7
2019-04-20 20:20:11,602 [INFO] train
2019-04-20 20:20:11,603 [INFO] n-classes=1500
2019-04-20 20:20:31,958 [INFO] depths = [300, 348, 356, 353, 278, 373, 310, 447, 367, 282, 244, 374, 371, 387, 395, 297, 465, 334, 274, 337, 377, 255, 366, 318, 313, 339, 380, 375, 388, 385, 492, 349, 404, 410, 358, 316, 379, 301, 269, 391, 350, 343, 369, 451, 369, 470, 398, 303, 381, 363, 425, 466, 399, 425, 307, 372, 331, 470, 330, 356, 323, 292, 317, 346, 366, 411, 394, 390, 405, 372, 313, 467, 314, 321, 358, 322, 457, 498, 468, 405, 387, 486, 422, 412, 394, 410, 376, 377, 389, 390, 295, 478, 406, 424, 456, 409, 289, 282, 425, 333]
2019-04-20 20:20:32,718 [INFO] leaf-node-counts = [300, 348, 356, 353, 278, 373, 310, 447, 367, 282, 244, 374, 371, 387, 395, 297, 465, 334, 274, 337, 377, 255, 366, 318, 313, 339, 380, 375, 388, 385, 492, 349, 404, 410, 358, 316, 379, 301, 269, 391, 350, 343, 369, 451, 369, 470, 398, 303, 381, 363, 425, 466, 399, 425, 307, 372, 331, 470, 330, 356, 323, 292, 317, 346, 366, 411, 394, 390, 405, 372, 313, 467, 314, 321, 358, 322, 457, 498, 468, 405, 387, 486, 422, 412, 394, 410, 376, 377, 389, 390, 295, 478, 406, 424, 456, 409, 289, 282, 425, 333]
2019-04-20 20:20:32,719 [INFO] eval
2019-04-20 20:20:33,440 [INFO] eval-acc=0.893
2019-04-20 20:20:33,441 [INFO] fold 8
2019-04-20 20:20:33,450 [INFO] train
2019-04-20 20:20:33,452 [INFO] n-classes=1500
2019-04-20 20:20:53,403 [INFO] depths = [344, 432, 321, 381, 280, 280, 329, 371, 312, 387, 293, 321, 312, 377, 275, 285, 460, 370, 423, 284, 316, 386, 486, 339, 396, 342, 362, 421, 369, 300, 343, 283, 384, 321, 391, 423, 313, 404, 417, 453, 437, 394, 354, 449, 305, 415, 295, 342, 436, 358, 302, 314, 361, 454, 402, 324, 374, 342, 322, 461, 342, 419, 372, 264, 388, 329, 417, 329, 343, 349, 421, 339, 301, 384, 348, 386, 363, 399, 371, 378, 300, 434, 354, 361, 381, 357, 289, 467, 325, 470, 363, 340, 404, 318, 387, 347, 357, 283, 372, 304]
2019-04-20 20:20:54,163 [INFO] leaf-node-counts = [344, 432, 321, 381, 280, 280, 329, 371, 312, 387, 293, 321, 312, 377, 275, 285, 460, 370, 423, 284, 316, 386, 486, 339, 396, 342, 362, 421, 369, 300, 343, 283, 384, 321, 391, 423, 313, 404, 417, 453, 437, 394, 354, 449, 305, 415, 295, 342, 436, 358, 302, 314, 361, 454, 402, 324, 374, 342, 322, 461, 342, 419, 372, 264, 388, 329, 417, 329, 343, 349, 421, 339, 301, 384, 348, 386, 363, 399, 371, 378, 300, 434, 354, 361, 381, 357, 289, 467, 325, 470, 363, 340, 404, 318, 387, 347, 357, 283, 372, 304]
2019-04-20 20:20:54,163 [INFO] eval
2019-04-20 20:20:54,885 [INFO] eval-acc=0.891
2019-04-20 20:20:55,268 [INFO] acc-mean=0.888 acc-std=0.003 acc-max=0.893
{"metrics": {"acc_max": 0.8933333333333333, "acc_mean": 0.888074074074074, "acc_std": 0.0030863209860740107}, "options": {"cutoff": 9, "json_result": true, "max_classes": 1500, "max_depth": null, "max_features": null, "max_leaf_nodes_scale": null, "n_estimators": 100, "n_jobs": -1, "name": null, "path_c": null, "path_cpp": null, "path_py": "/home/dexter/Downloads/gcj-py-table3.jsonl", "preset_c": "none", "preset_cpp": "none", "preset_py": "none", "seed": 141912, "show_progress": false, "verbose": false}}
/home/dexter/anaconda2/envs/diora/lib/python3.6/site-packages/sklearn/ensemble/weight_boosting.py:29: DeprecationWarning: numpy.core.umath_tests is an internal NumPy module and should not be imported. It will be removed in a future NumPy release.
  from numpy.core.umath_tests import inner1d
2019-04-20 20:21:01,071 [INFO] start
2019-04-20 20:21:18,529 [INFO] balancing data
2019-04-20 20:21:19,457 [INFO] found 2200 eligible classes
2019-04-20 20:21:19,458 [INFO] downsampled to 2000 classes
2019-04-20 20:21:19,467 [INFO] joining strings
2019-04-20 20:21:19,570 [INFO] tfidf data
2019-04-20 20:21:21,864 [INFO] language-counter=Counter({'python': 18000})
2019-04-20 20:21:21,864 [INFO] fold 0
2019-04-20 20:21:22,464 [INFO] train
2019-04-20 20:21:22,466 [INFO] n-classes=2000
2019-04-20 20:21:57,208 [INFO] depths = [361, 533, 428, 543, 455, 499, 424, 518, 565, 467, 464, 595, 465, 443, 428, 455, 414, 529, 455, 491, 509, 584, 381, 490, 455, 517, 419, 364, 432, 462, 424, 357, 472, 570, 406, 454, 428, 429, 415, 508, 448, 557, 504, 403, 512, 493, 548, 291, 417, 436, 494, 453, 440, 446, 471, 561, 279, 524, 575, 436, 363, 419, 335, 555, 436, 467, 395, 466, 323, 450, 538, 333, 500, 406, 431, 324, 453, 461, 413, 462, 377, 586, 452, 502, 451, 426, 388, 477, 445, 351, 399, 363, 443, 380, 450, 459, 461, 461, 348, 444]
2019-04-20 20:21:58,243 [INFO] leaf-node-counts = [361, 533, 428, 543, 455, 499, 424, 518, 565, 467, 464, 595, 465, 443, 428, 455, 414, 529, 455, 491, 509, 584, 381, 490, 455, 517, 419, 364, 432, 462, 424, 357, 472, 570, 406, 454, 428, 429, 415, 508, 448, 557, 504, 403, 512, 493, 548, 291, 417, 436, 494, 453, 440, 446, 471, 561, 279, 524, 575, 436, 363, 419, 335, 555, 436, 467, 395, 466, 323, 450, 538, 333, 500, 406, 431, 324, 453, 461, 413, 462, 377, 586, 452, 502, 451, 426, 388, 477, 445, 351, 399, 363, 443, 380, 450, 459, 461, 461, 348, 444]
2019-04-20 20:21:58,243 [INFO] eval
2019-04-20 20:21:59,470 [INFO] eval-acc=0.878
2019-04-20 20:21:59,470 [INFO] fold 1
2019-04-20 20:21:59,480 [INFO] train
2019-04-20 20:21:59,482 [INFO] n-classes=2000
